200.651550
201.678772
202.623596
203.549194
204.573669
205.595398
206.556702
207.509766
208.523254
209.533997
210.506287
211.481323
212.459106
213.431396
214.444885
215.474854
216.493835
217.504578
218.540039
219.586487
220.498352
221.380005
222.418213
223.503113
224.500122
225.491638
226.502380
227.502136
228.466187
229.427490
230.446472
231.514893
232.509155
233.497925
234.511414
235.494690
236.488953
237.485962
238.450012
239.430542
240.537415
241.660767
242.597351
243.468018
244.459534
245.497742
246.417847
247.431335
248.502502
249.529724
250.502014
251.501770
252.501526
253.498535
254.495544
255.473328
256.473083
257.467346
258.478088
259.494324
260.491333
261.460876
262.455139
263.471375
264.471130
265.468140
266.470642
267.481384
268.470154
269.478149
270.502625
271.499634
272.496643
273.485413
274.474182
275.468445
276.459961
277.426758
278.437500
279.483948
280.522156
281.543884
282.565613
283.532410
284.468994
285.471497
286.457520
287.427063
288.457031
289.517212
290.522461
291.546936
292.497253
293.428345
294.461060
295.488281
296.485291
297.501526
298.512268
299.492798
300.478821
301.484070
302.511292
303.519287
304.488831
305.472107
306.491089
307.529297
308.512573
309.482117
310.443420
311.429443
312.497864
313.516846
314.519348
315.488892
316.422729
317.438965
318.490906
319.504395
320.495911
321.490173
322.473450
323.470459
324.483948
325.494690
326.612549
327.491455
328.293457
329.364624
330.496216
331.484985
332.495728
333.473511
334.443054
335.494995
336.502991
337.505493
338.535461
339.543457
340.515747
341.485291
342.479553
343.484802
344.443359
345.456848
346.522522
347.508545
348.483582
349.483337
350.496826
351.504822
352.493591
353.504333
354.501343
355.498352
356.503601
357.500610
358.519592
359.538574
0.535583
1.505127
2.460938
3.468933
4.479675
5.449219
6.448975
7.473450
8.462219
9.461975
10.478210
11.477966
12.472229
13.471985
14.482727
15.487976
16.454773
17.443542
18.495483
19.544678
20.552673
21.524963
22.513733
23.491516
24.485779
25.488281
26.526489
27.479553
28.396912
29.418640
30.473328
31.495056
32.511292
33.516541
34.510803
35.507812
36.515808
37.521057
38.518066
39.468384
40.404968
41.434937
42.503357
43.525085
44.527588
45.510864
46.496887
47.515869
48.529358
49.529114
50.520630
51.514893
52.517395
53.495178
54.514160
55.527649
56.510925
57.488708
58.474731
59.526672
60.504456
61.408081
62.468262
63.583374
64.552917
65.442810
66.489258
67.527466
68.455811
69.433594
70.482788
71.545715
72.449341
73.396912
74.520264
75.569458
76.552734
77.492065
78.392944
79.365234
80.439148
81.504822
82.501831
83.476868
84.476624
85.476379
86.476135
87.503357
88.497620
89.480896
90.494385
91.496887
92.491150
93.463440
94.490662
95.534363
96.492920
97.432251
98.440247
99.472961
100.478210
101.491699
102.488708
103.450012
104.422302
105.452271
106.517944
107.558899
108.572388
109.555664
110.489502
111.431580
112.439575
113.499756
114.502258
115.485535
116.490784
117.501526
118.495789
119.479065
120.473328
121.467590
122.464600
123.478088
124.477844
125.480347
126.493835
127.493591
128.463135
129.509583
130.572510
131.503601
132.464905
133.475647
134.436951
135.469666
136.529846
137.496643
138.435974
139.408264
140.413513
141.429749
142.462463
143.525391
144.522400
145.511169
146.543884
147.587585
148.559875
149.474487
150.471497
151.501465
152.484741
153.492737
154.511719
155.519714
156.513977
157.508240
158.505249
159.488525
160.469055
161.474304
162.485046
163.484802
164.495544
165.489807
166.453857
167.420654
168.439636
169.521790
170.532532
171.466370
172.452393
173.438416
174.432678
175.484619
176.509094
177.492371
178.516846
179.552307
180.532837
181.461182
182.414246
183.444214
184.496155
185.504150
186.495667
187.531128
188.544617
189.456482
190.426025
191.480713
192.494202
193.491211
194.488220
195.493469
196.512451
197.531433
198.528442
199.495239
218.677368
219.600220
220.520325
221.500854
222.495117
223.508606
224.472656
225.425720
226.472168
227.546082
228.529358
229.463196
230.429993
231.459961
232.498169
233.541870
234.538879
235.453491
236.477966
237.538147
238.496704
239.425049
240.463257
241.517944
242.564392
243.539429
244.484253
245.442810
246.390381
247.458801
248.529968
249.507751
250.480042
251.501770
252.534485
253.462830
254.446106
255.467834
256.497803
257.538757
258.516541
259.466858
260.430908
261.438904
262.460632
263.479614
264.473877
265.490112
266.533813
267.544556
268.500366
269.445190
270.461426
271.516113
272.471924
273.488159
274.531860
275.542603
276.501160
277.454224
278.486938
279.475708
280.431519
281.436768
282.491455
283.504944
284.471741
285.463257
286.523438
287.528687
288.443298
289.445801
290.519714
291.516724
292.458801
293.461304
294.480286
295.474548
296.499023
297.534485
298.479309
299.451599
300.500793
301.473083
302.470093
303.478088
304.469604
305.488586
306.537781
307.518311
308.496094
309.501343
310.503845
311.522827
312.519836
313.544312
314.596252
315.617981
316.554565
317.482910
318.493652
319.537354
320.515137
321.492920
322.528381
323.544617
324.538879
325.511169
326.574097
327.669983
328.540649
329.441528
330.542908
331.550903
332.492981
333.476257
334.459534
335.456543
336.461792
337.445068
338.480530
339.496765
340.466309
341.499023
342.509766
343.484802
344.487305
345.495300
346.489563
347.516785
348.563232
349.568481
350.524292
351.493835
352.504578
353.509827
354.537048
355.547791
356.550293
357.519836
358.483887
359.491882
0.499878
1.510620
2.540588
3.512878
4.490662
5.539856
6.564331
7.520142
8.503418
9.549866
10.522156
11.494446
12.535400
13.543396
14.504700
15.466003
16.463013
17.471008
18.489990
19.503479
20.478516
21.483765
22.489014
23.477783
24.499512
25.581665
26.586914
27.561951
28.506775
29.487305
30.544739
31.549988
32.472839
33.417664
34.417419
35.447388
36.496582
37.518311
38.496094
39.482117
40.501099
41.487122
42.508850
43.547058
44.555054
45.527344
46.499634
47.496643
48.490906
49.515381
50.548096
51.556091
52.511902
53.497925
54.492188
55.494690
56.538391
57.527161
58.502197
59.499207
60.479736
61.501465
62.547913
63.509216
64.506226
65.547180
66.566162
67.538452
68.505249
69.507751
70.507507
71.485291
72.476807
73.520508
74.509277
75.495300
76.536255
77.552490
78.516541
79.486084
80.502319
81.507568
82.501831
83.520813
84.539795
85.553284
86.575012
87.530823
88.492126
89.497375
90.491638
91.505127
92.493896
93.449707
94.509888
95.495911
96.446228
97.462463
98.514404
99.516907
100.519409
101.521912
102.499695
103.521423
104.559631
105.526428
106.512451
107.545166
108.531189
109.492493
110.475769
111.470032
112.505493
113.529968
114.502258
115.488281
116.523743
117.515259
118.490295
119.509277
120.492554
121.514282
122.514038
123.500061
124.502563
125.557251
126.562500
127.540283
128.501587
129.526062
130.564270
131.558533
132.519836
133.505859
134.552307
135.524597
136.488647
137.513123
138.526611
139.496155
140.457458
141.479187
142.481689
143.462219
144.497681
145.494690
146.491699
147.507935
148.521423
149.455261
150.441284
151.504211
152.528687
153.495483
154.500732
155.544434
156.574402
157.546692
158.518982
159.510498
160.502014
161.529236
162.553711
163.553467
164.523010
165.506287
166.470337
167.475586
168.530273
169.538269
170.494080
171.469116
172.507324
173.520813
174.487610
175.479126
176.487122
177.478638
178.538818
179.560547
180.560303
181.546326
182.499390
183.490906
184.490662
185.493164
186.492920
187.487183
188.514404
189.519653
190.464478
191.453247
192.505188
193.515930
194.526672
195.512695
196.484985
197.492981
198.487244
199.525452
200.577393
201.492004
202.513733
203.560181
204.568176
205.523987
206.488037
207.479553
208.476562
209.498291
210.536499
211.552734
212.505798
213.505554
214.477844
215.474854
216.543274
217.575989
240.537415
241.534424
242.512207
243.506470
244.462280
245.429077
246.439819
247.456055
248.461304
249.483032
250.523987
251.531982
252.493286
253.476562
254.459839
255.407410
256.486816
257.544250
258.544006
259.519043
260.477600
261.430664
262.411194
263.526306
264.537048
265.459900
266.487122
267.522583
268.437195
269.414978
270.508118
271.524353
272.455444
273.435974
274.496155
275.526123
276.468201
277.456970
278.489685
279.472961
280.494690
281.508179
282.480469
283.507690
284.518433
285.476990
286.446533
287.432556
288.473511
289.495239
290.451050
291.467285
292.524719
293.549194
294.507751
295.480042
296.477051
297.512512
298.476562
299.481812
300.528259
301.536255
302.505798
303.436890
304.447632
305.483093
306.507568
307.493591
308.449402
309.468384
310.523071
311.500854
312.475891
313.527832
314.566040
315.505371
316.422729
317.416992
318.479919
319.512634
320.504150
321.545105
322.542114
323.503418
324.475708
325.434265
326.524658
327.565613
328.378601
329.372864
330.485229
331.498718
332.490234
333.489990
334.495239
335.475769
336.481018
337.524719
338.535461
339.510498
340.469055
341.411133
342.421875
343.449097
344.468079
345.476074
346.470337
347.500305
348.519287
349.499817
350.403442
351.400452
352.419434
353.468628
354.548035
355.531311
356.476135
357.462158
358.503113
359.519348
0.425720
1.428223
2.518616
3.477173
4.479675
5.520630
6.517639
7.462463
8.418274
9.470215
10.494690
11.494446
12.549133
13.507690
14.482727
15.504456
16.512451
17.545166
18.509216
19.478760
20.481262
21.516724
22.505493
23.491516
24.529724
25.551453
26.537476
27.498779
28.457336
29.462585
30.454102
31.459351
32.470093
33.478088
34.530029
35.535278
36.537781
37.534790
38.504333
39.465637
40.448914
41.454163
42.500610
43.536072
44.483643
45.439453
46.455688
47.499390
48.474426
49.427490
50.468445
51.528625
52.569580
53.506165
54.459229
55.475464
56.510925
57.527161
58.529663
59.482727
60.466003
61.460266
62.476501
63.520203
64.555664
65.516968
66.563416
67.571411
68.488770
69.488525
70.526733
71.468811
72.474060
73.482056
74.487305
75.531006
76.506042
77.470093
78.483582
79.508057
80.524292
81.438904
82.471619
83.512573
84.476624
85.462646
86.517334
87.541809
88.536072
89.423218
90.384521
91.488647
92.491150
93.499146
94.534607
95.493164
96.462708
97.424011
98.459473
99.497681
100.458984
101.475220
102.516174
103.535156
104.507446
105.463257
106.441040
107.468262
108.528442
109.525452
110.470276
111.445312
112.505493
113.513489
114.461060
115.507507
116.545715
117.496033
118.451843
119.432373
120.459595
121.506042
122.497559
123.469849
124.502563
125.491333
126.477356
127.512817
128.518066
129.484863
130.435181
131.470642
132.533569
133.489380
134.475403
135.516357
136.499634
137.469177
138.457947
139.452209
140.454712
141.451721
142.437744
143.456726
144.486694
145.524902
146.516418
147.513428
148.471985
149.425049
150.452271
151.476746
152.495728
153.539429
154.522705
155.486755
156.445312
157.401123
158.442078
159.485779
160.466309
161.499023
162.509766
163.468323
164.454346
165.462341
166.456604
167.475586
168.483582
169.508057
170.549011
171.532288
172.488098
173.476868
174.495850
175.481873
176.473389
177.500610
178.442688
179.442444
180.461426
181.461182
182.482910
183.490906
184.498901
185.515137
186.454468
187.492676
188.547363
189.472961
190.464478
191.505432
192.527161
193.543396
194.499207
195.466003
196.517944
197.520447
198.492737
199.503479
200.494995
201.519470
202.535706
203.540955
204.554443
205.515747
206.490784
207.501526
208.493042
209.520264
210.558472
211.566467
212.514038
213.461609
214.461365
215.463867
216.469116
217.479858
218.471375
219.504089
220.523071
221.462402
222.445679
223.514099
224.535828
225.499878
226.483154
227.559814
228.518372
229.446716
230.405273
231.448975
232.528381
233.528137
234.459229
235.458984
236.541138
237.532654
238.450012
239.455261
261.427917
262.479858
263.545532
264.526062
265.448914
266.476135
267.539062
268.549805
269.502869
270.494385
271.502380
272.482910
273.507385
274.542847
275.501404
276.473694
277.478943
278.508911
279.530640
280.533142
281.543884
282.510681
283.471985
284.488220
285.548401
286.539917
287.534180
288.558655
289.558411
290.519714
291.489258
292.513733
293.535461
294.499512
295.477295
296.468811
297.463074
298.512268
299.517517
300.484314
301.511536
302.494812
303.467102
304.508057
305.540771
306.543274
307.529297
308.493347
309.504089
310.539551
311.511841
312.484131
313.489380
314.549561
315.579529
316.494141
317.458191
318.493652
319.537354
320.487671
321.492920
322.528381
323.506165
324.450989
325.524902
326.623535
327.620544
328.471985
329.405823
330.463257
331.479492
332.460022
333.454285
334.465027
335.473022
336.475525
337.469788
338.475037
339.488525
340.523987
341.510010
342.454834
343.498535
344.506531
345.495300
346.530762
347.555237
348.519287
349.497070
350.535278
351.540527
352.490845
353.509827
354.539795
355.638428
356.602478
357.528076
358.544312
359.571533
0.475159
1.483154
2.493896
3.479919
4.482422
5.523376
6.539612
7.495422
8.462219
9.445496
10.453491
11.486206
12.516174
13.529663
14.523926
15.509949
16.504211
17.542419
18.553162
19.530945
20.492249
21.513977
22.538452
23.510742
24.505005
25.529480
26.578674
27.548218
28.468323
29.459839
30.487061
31.484070
32.478333
33.472595
34.510803
35.543518
36.513062
37.485352
38.490601
39.498596
40.503845
41.531067
42.522583
43.516846
44.538574
45.524597
46.491394
47.471924
48.488159
49.485168
50.493164
51.506653
52.533875
53.506165
54.478455
55.497437
56.543884
57.518921
58.491211
59.499207
60.493469
61.487732
62.465515
63.481750
64.506226
65.522461
66.533203
67.489014
68.461304
69.515991
70.518494
71.499023
72.515259
73.512268
74.520264
75.550232
76.560974
77.530518
78.502808
79.510803
80.510559
81.529541
82.543030
83.551025
84.559021
85.512085
86.487122
87.511597
88.494873
89.505615
90.516357
91.502380
92.466431
93.457947
94.509888
95.501404
96.479187
97.500916
98.555603
99.541626
100.538635
101.524658
102.513428
103.537903
104.526672
105.466003
106.463013
107.468262
108.473511
109.519958
110.541687
111.511230
112.500000
113.502502
114.513245
115.480042
116.501770
117.545471
118.520508
119.481812
120.489807
121.481323
122.489319
123.480835
124.494324
125.496826
126.469116
127.474365
128.515320
129.504089
130.492859
131.528320
132.561035
133.547058
134.505615
135.510864
136.518860
137.510376
138.515625
139.553833
140.556335
141.501160
142.467957
143.473206
144.489441
145.522156
146.546631
147.546387
148.581848
149.567871
150.471497
151.427307
152.484741
153.542175
154.544678
155.558167
156.560669
157.532959
158.425598
159.406128
160.515747
161.523743
162.520752
163.523254
164.490051
165.443115
166.462097
167.453613
168.502808
169.538269
170.529785
171.480103
172.482605
173.479614
174.476624
175.512085
176.553040
177.528076
178.514099
179.546814
180.543823
181.499634
182.441711
183.452454
184.509888
185.526123
186.520386
187.525635
188.555603
189.464722
190.445251
191.475220
192.518921
193.543396
194.490967
195.509949
196.534424
197.506714
198.522949
199.550171
200.505981
201.483765
202.505493
203.538208
204.540710
205.515747
206.482544
207.457581
208.471069
209.514771
210.547485
211.555481
212.525024
213.502808
214.508057
215.505066
216.521301
217.548523
218.562012
219.517822
220.473633
221.503601
222.536316
223.514099
224.480896
225.477905
226.469421
227.513123
228.515625
229.485168
230.465698
231.457214
232.473450
233.481445
234.503174
235.513916
236.499939
237.494202
238.477478
239.485474
240.531921
241.553650
242.556152
243.522949
244.497986
245.505981
246.459045
247.458801
248.516235
249.548950
250.562439
251.545715
252.515259
253.520508
254.512024
255.487061
256.478577
257.522278
258.554993
259.513550
260.488586
285.455017
286.438293
287.481995
288.506470
289.555664
290.525208
291.492004
292.510986
293.477783
294.447327
295.433350
296.485291
297.548218
298.553467
299.547729
300.498047
301.462097
302.431641
303.346252
304.376221
305.540771
306.631165
307.543030
308.435669
309.476624
310.520325
311.511841
312.495117
313.475647
314.450684
315.480652
316.518860
317.510376
318.490906
319.487915
320.449219
321.440735
322.514648
323.536377
324.459229
325.439758
326.604309
327.543640
328.301697
329.252014
330.394592
331.515198
332.479248
333.500977
334.525452
335.519714
336.527710
337.500000
338.491516
339.524231
340.504761
341.433105
342.410889
343.429871
344.424133
345.489807
346.519775
347.486572
348.491821
349.469604
350.436401
351.455383
352.482605
353.509827
354.553528
355.536804
356.481628
357.506104
358.516846
359.453430
0.409241
1.430969
2.463684
3.510132
4.534607
5.473938
6.476440
7.492676
8.451233
9.456482
10.456238
11.469727
12.488708
13.532410
14.534912
15.493469
16.487732
17.487488
18.514709
19.544678
20.525208
21.483765
22.478027
23.477783
24.491272
25.534973
26.575928
27.572937
28.515015
29.465332
30.467834
31.484070
32.489319
33.483582
34.513550
35.565491
36.559753
37.548523
38.526306
39.451904
40.451660
41.511841
42.506104
43.445435
44.475403
45.524597
46.496887
47.480164
48.471680
49.498901
50.523376
51.531372
52.500916
53.506165
54.549866
55.552368
56.549377
57.521667
58.502197
59.518433
60.523682
61.490479
62.457275
63.451538
64.451294
65.492249
66.538696
67.519226
68.477783
69.515991
70.537720
71.499023
72.457581
73.429871
74.448853
75.517273
76.541748
77.536011
78.505554
79.458618
80.444641
81.485596
82.504578
83.479614
84.504089
85.547791
86.544800
87.489624
88.481140
89.494629
90.494385
91.505127
92.485657
93.477173
94.518127
95.526123
96.492920
97.470703
98.511658
99.525146
100.469971
101.466980
102.472229
103.485718
104.523926
105.518188
106.476746
107.498474
108.547668
109.511719
110.464783
111.472778
112.486267
113.513489
114.537964
115.532227
116.512756
117.474060
118.479309
119.503784
120.484314
121.440125
122.459106
123.522034
124.543762
125.505066
126.469116
127.474365
128.493347
129.465637
130.501099
131.528320
132.497864
133.456421
134.458923
135.494385
136.529846
137.540588
138.545837
139.548340
140.495911
141.465454
142.476196
143.475952
144.522400
145.546875
146.494446
147.474976
148.466492
149.468994
150.512695
151.559143
152.539673
153.479004
154.525452
155.549927
156.489258
157.502747
158.464050
159.351196
160.397644
161.526489
162.501526
163.476562
164.454346
165.448608
166.481323
167.481079
168.467102
169.486084
170.532532
171.507568
172.435913
173.471375
174.498596
175.512085
176.528320
177.522583
178.445435
179.486389
180.502625
181.439209
182.397766
183.416748
184.465942
185.520630
186.520386
187.476196
188.481445
189.431763
190.376587
191.442261
192.521667
193.540649
194.501953
195.534668
196.550903
197.481995
198.476257
199.454041
200.448303
201.483765
202.510986
203.486023
204.474792
205.482788
206.471558
207.457581
208.460083
209.479065
210.511780
211.536255
212.530518
213.508301
214.483337
215.496826
216.529541
217.540283
218.518066
219.520569
220.512085
221.470642
222.448425
223.475647
224.483643
225.513611
226.485901
227.466431
228.488159
229.446716
230.372314
231.407776
232.547607
233.558350
234.494934
235.500183
236.464233
237.420044
238.455505
239.488220
240.474243
241.490479
242.550659
243.531189
244.440308
245.431824
246.478271
247.491760
248.505249
249.535217
250.529480
251.507263
252.498779
253.460083
254.388428
255.371704
256.462097
257.533264
258.533020
259.527283
260.463867
261.405945
262.427673
263.457642
264.471130
265.517578
266.553040
267.517090
268.497620
269.519348
270.502625
271.477661
272.466431
273.471680
274.518127
275.545349
276.536865
277.509155
278.462219
279.483948
280.519409
281.513672
282.513428
283.518677
284.493713
310.448914
311.459656
312.473145
313.481140
314.511108
315.546570
316.496887
317.436218
318.444214
319.452209
320.465698
321.490173
322.517395
323.536377
324.519653
325.577087
326.601562
327.496948
328.323669
329.306946
330.405579
331.501465
332.520447
333.457031
334.412842
335.423584
336.456299
337.464294
338.510742
339.546204
340.513000
341.416626
342.449341
343.495789
344.495544
345.481567
346.475830
347.511292
348.505554
349.444885
350.444641
351.471863
352.441406
353.471375
354.526062
355.498352
356.481628
357.453918
358.426208
359.445190
0.466919
1.480408
2.504883
3.485413
4.441223
5.424500
6.495667
7.533875
8.478699
9.459229
10.458984
11.472473
12.516174
13.524170
14.468994
15.435791
16.449280
17.490234
18.525696
19.503479
20.459290
21.453552
22.513733
23.540955
24.540710
25.534973
26.534729
27.539978
28.504028
29.454346
30.445862
31.470337
32.464600
33.453369
34.510803
35.549011
36.537781
37.529297
38.487854
39.468384
40.490112
41.492615
42.484131
43.478394
44.511108
45.549316
46.510620
47.469177
48.457947
49.474182
50.482178
51.512146
52.489929
53.464966
54.472961
55.502930
56.549377
57.543640
58.504944
59.488220
60.496216
61.501465
62.523193
63.547668
64.536438
65.505981
66.519470
67.563171
68.571167
69.562683
70.554199
71.523743
72.487793
73.487549
74.517517
75.550232
76.541748
77.492065
78.475342
79.497070
80.502319
81.521301
82.526550
83.512573
84.495850
85.498352
86.495361
87.506104
88.503113
89.486389
90.488892
91.518860
92.510376
93.479919
94.487915
95.484924
96.487427
97.517395
98.539124
99.555359
100.546875
101.524658
102.510681
103.504944
104.504700
105.490723
106.537170
107.561646
108.525696
109.492493
110.511475
111.533203
112.505493
113.483276
114.485779
115.482788
116.512756
117.534485
118.520508
119.487305
120.462341
121.462097
122.497559
123.538513
124.532776
125.521545
126.491089
127.504578
128.548279
129.542542
130.501099
131.511841
132.547302
133.541565
134.508362
135.510864
136.557312
137.570801
138.551331
139.515381
140.504150
141.495667
142.481689
143.506165
144.527893
145.505676
146.502686
147.529907
148.537903
149.534912
150.504456
151.468506
152.462769
153.503723
154.528198
155.533447
156.538696
157.532959
158.499756
159.477539
160.491028
161.520996
162.528992
163.493042
164.487305
165.492554
166.492310
167.478333
168.494568
169.524536
170.518799
171.491089
172.499084
173.526306
174.504089
175.487366
176.473389
177.464905
178.503113
179.544067
180.519104
181.480408
182.488403
183.501892
184.534607
185.559082
186.564331
187.569580
188.536377
189.489441
190.480957
191.466980
192.480469
193.510437
194.540405
195.534668
196.493225
197.471008
198.492737
199.519958
200.503235
201.453552
202.439575
203.510742
204.559937
205.507507
206.471558
207.493286
208.506775
209.492798
210.495300
211.528015
212.536011
213.480835
214.488831
215.483093
216.513062
217.548523
218.553772
219.556274
220.550537
221.536560
222.530823
223.522339
224.500122
225.527344
226.529846
227.499390
228.507385
229.493408
230.493164
231.523132
232.531128
233.489685
234.500427
235.535889
236.543884
237.524414
238.463745
239.441528
240.485229
241.550903
242.575378
243.561401
244.544678
245.516968
246.470032
247.483521
248.483276
249.513245
250.540466
251.485291
252.496033
253.545227
254.459839
255.473328
256.508789
257.486572
258.500061
259.524536
260.499573
261.485596
262.477112
263.485107
264.498596
265.528564
266.550293
267.544556
268.560791
269.533081
270.483398
271.499634
272.540588
273.518372
274.515381
275.556335
276.514893
277.467957
278.467712
279.508667
280.541382
281.521912
282.491455
283.515930
284.565125
285.529175
286.482239
287.490234
288.503723
289.533691
290.555420
291.535950
292.489014
293.499756
294.551697
295.513000
296.463318
297.465820
298.493042
299.536743
300.517273
301.489563
302.472839
303.486328
304.510803
305.524292
306.532288
307.501831
308.449402
309.454651
335.519714
336.519470
337.535706
338.502502
339.557190
340.515747
341.531982
342.504272
343.558960
344.495544
345.536499
346.514282
347.516785
348.500061
349.516296
350.538025
351.526794
352.515564
353.523560
354.501343
355.503845
356.511841
357.519836
358.533325
359.511108
0.508118
1.502380
2.546082
3.512878
4.523621
5.493164
6.547852
7.511902
8.528137
9.505920
10.530396
11.513672
12.505188
13.507690
14.510193
15.537415
16.506958
17.501221
18.520203
19.539185
20.505981
21.489258
22.530212
23.565674
24.496765
25.543213
26.499023
27.520752
28.534241
29.520264
30.500793
31.517029
32.522278
33.527527
34.516296
35.518799
36.546021
37.548523
38.518066
39.504089
40.514832
41.506348
42.508850
43.494873
44.511108
45.546570
46.518860
47.518616
48.512878
49.490662
50.537109
51.514893
52.476196
53.536377
54.522400
55.511169
56.546631
57.524414
58.502197
59.493713
60.545654
61.545410
62.503967
63.503723
64.508972
65.555420
66.522217
67.505493
68.516235
69.529724
70.504761
71.523743
72.518005
73.520508
74.501038
75.539246
76.522522
77.511292
78.502808
79.557495
80.513306
81.529541
82.510071
83.515320
84.512329
85.523071
86.536560
87.525330
88.530579
89.511108
90.499878
91.507874
92.546082
93.529358
94.490662
95.509644
96.523132
97.520142
98.495178
99.497681
100.527649
101.524658
102.524414
103.504944
104.537659
105.512695
106.528931
107.501221
108.517456
109.525452
110.549927
111.497498
112.538452
113.516235
114.496765
115.534973
116.526489
117.515259
118.520508
119.498291
120.531006
121.511536
122.514038
123.497314
124.527283
125.549011
126.513062
127.526550
128.520813
129.506836
130.509338
131.511841
132.541809
133.560791
134.544067
135.505371
136.499634
137.513123
138.496399
139.515381
140.526123
141.550598
142.495422
143.508911
144.533386
145.494690
146.499939
147.516174
148.537903
149.545898
150.507202
151.501465
152.539673
153.511963
154.558411
155.497742
156.579895
157.494507
158.507996
159.532471
160.496521
161.518250
162.482300
163.528748
164.523010
165.514526
166.536255
167.514038
168.535767
169.508057
170.557251
171.515808
172.521057
173.523560
174.512329
175.512085
176.539307
177.500610
178.500366
179.489136
180.527344
181.499634
182.518616
183.512878
184.515381
185.506897
186.473694
187.506409
188.511658
189.522400
190.530396
191.519165
192.527161
193.532410
194.496460
195.501709
196.504211
197.550659
198.506470
199.539185
200.505981
201.486511
202.530212
203.507996
204.579163
205.540466
206.490784
207.512512
208.515015
209.531250
210.503540
211.514282
212.500305
213.522034
214.535522
215.518799
216.521301
217.499084
218.504333
219.512329
220.492859
221.542053
222.511597
223.527832
224.541321
225.519104
226.527100
227.493896
228.554077
229.518127
230.526123
231.534119
232.492676
233.506165
234.497681
235.497437
236.499939
237.535400
238.513184
239.493713
240.512695
241.498718
242.531433
243.514709
244.503479
245.525208
246.527710
247.530212
248.518982
249.505005
250.493774
251.542969
252.507019
253.523254
254.528503
255.541992
256.517029
257.508545
258.508301
259.513550
260.499573
261.554260
262.521057
263.501587
264.490356
265.531311
266.514587
267.508850
268.560791
269.497375
270.513611
271.518860
272.524109
273.512878
274.504395
275.542603
276.506653
277.492676
278.533630
279.544373
280.489197
281.519165
282.491455
283.507690
284.543152
285.531921
286.517944
287.503967
288.544922
289.530945
290.519714
291.497498
292.502747
293.543701
294.526978
295.493774
296.504517
297.531738
298.504028
299.492798
300.528259
301.511536
302.530518
303.511047
304.513550
305.532532
306.524048
307.499084
308.504333
309.520569
310.539551
311.503601
312.506104
313.497620
314.541321
315.508118
316.518860
317.524109
318.540344
319.498901
320.526123
321.501160
322.506409
323.528137
324.516907
325.491943
326.499939
327.518921
328.537903
329.576111
330.501709
331.528931
332.520447
333.522949
334.514465
