 11:24:57	48.242	-102.219	9
 11:28:56	48.248	-102.17		9
 12:11:43	48.226	-102.214	9
 11:21:24	47.062	-102.429	129
 11:28:56	47.101	-102.384	129
 10:22:51	47.441	-103.423	49
 11:17:50	47.374	-103.392	49
 10:12:49	47.28	-104.215	130
 10:16:09	47.288	-104.193	130
 11:17:50	47.171	-102.356	25
 09:52:46	47.252	-104.441	151
 09:56:07	47.26	-104.419	151
 09:59:27	47.267	-104.398	151
 10:02:47	47.282	-104.354	151
 11:03:41	47.26	-104.419	151
 11:10:46	47.282	-104.354	151
 11:14:06	47.347	-103.454	39
 11:24:57	47.299	-103.467	39
 11:49:13	47.938	-101.936	50
 13:37:26	47.916	-101.945	50
 11:49:13	48.294	-101.878	38
 11:36:56	47.625	-102.301	8
 10:12:49	47.28	-104.215	130
 10:16:09	47.288	-104.193	130
 11:10:46	47.386	-104.047	68
 11:14:06	47.394	-104.025	68
 11:17:50	47.408	-103.981	68
 10:22:51	47.441	-103.423	49
 11:17:50	47.374	-103.392	49
 11:49:13	47.658	-102.148	28
 11:50:37	47.665	-102.144	28
 11:53:32	47.68	-102.111	28
 11:58:00	47.676	-102.074	28
 11:55:00	47.3	-102.3		7
 12:07:09	48.27	-101.59		7
 13:55:56	47.232	-101.884	11
 12:07:09	47.071	-103.054	28
 10:53:15	47.245	-102.985	63
 12:11:43	47.213	-103.041	63
 12:16:15	47.174	-102.96		63
 12:16:15	47.856	-101.715	31
 12:20:52	47.858	-101.683	31
 12:20:52	48.7	 -101.8		299
 13:55:56	47.232	-101.884	11
 12:07:09	47.843	-101.831	48
 12:11:43	47.843	-101.798	48
 12:20:00	47.5	-101.6		3
 12:44:22	47.685	-101.145	203
 12:48:51	47.682	-101.127	203
 12:53:19	47.69	-101.066	203
 12:48:51	48.472	-100.771	11
 13:37:26	48.497	-100.784	11
 13:42:09	48.484	-100.754	11
 13:18:40	47.614	-100.598	280
 13:23:24	47.62	-100.558	280
 12:48:51	47.709	-100.648	305
 12:53:19	47.711	-100.631	305
 12:57:49	47.717	-100.596	305
 13:04:28	47.724	-100.561	305
 12:55:00	47.25	-100.9		13
 12:55:00	47.3	-101.2		1
 12:53:19	47.009	-102.324	216
 12:57:26	47.001	-102.279	216
 12:57:49	47.006	-102.275	216
 12:39:39	48.065	-100.143	111
 12:39:39	48.1	-100.081	111
 12:44:22	48.082	-100.126	111
 12:48:51	48.091	-100.059	111
 12:53:19	48.082	-100.067	111
 12:57:49	48.091	-100.059	111
 13:13:56	48.065	-100.143	111
 13:15:56	48.068	-100.13		111
 13:18:40	48.082	-100.097	111
 13:20:35	48.076	-100.088	111
 13:23:24	48.091	-100.059	111
 13:18:40	47.718	-100.44		462
 13:28:03	47.692	-100.402	462
 13:28:03	47.248	-100.537	109
 13:32:47	47.236	-100.503	109
 13:37:26	47.208	-100.463	109
 13:32:47	47.701	-100.319	368
 13:37:26	47.714	-100.284	368
 13:18:40	47.718	-100.44		462
 13:28:03	47.692	-100.402	462
 13:23:24	47.914	-100.246	93
 13:28:03	47.916	-100.205	93
 13:32:47	47.936	-100.21		93
 13:35:00	47.8	-100.4		70
 13:28:03	48.172	-100.192	3
 13:37:26	48.242	-100.176	3
 12:20:52	48.15	-99.828		115
 13:28:03	48.132	-99.812		115
 14:00:39	48.075	-99.766		115
 13:28:03	48.204	-100.336	3
 13:32:47	48.229	-100.263	3
 13:28:03	48.214	-99.543		142
 13:32:47	48.226	-99.514		142
 13:34:39	48.221	-99.501		142
 13:37:26	48.22	-99.465		142
 13:32:47	48.226	-99.21		165
 13:37:26	48.201	-99.166		165
 14:05:23	48.204	-99.19		165
 14:10:01	48.22	-99.161		165
 14:23:51	48.223	-99.185		165
 14:42:45	48.161	-99.17		165
