10:30:39	47.493	-100.218	1
10:36:08	47.494	-100.16		1
10:41:38	47.494	-100.16		1
10:47:07	47.538	-100.249	1
11:19:43	46.951	-98.923		4
11:36:05	47.526	-99.594		3
11:30:36	47.045	-98.917		4
11:36:05	47.009	-98.866		4
11:41:33	46.856	-98.335		36
11:57:43	46.785	-98.037		86
11:47:02	46.785	-98.037		86
12:02:54	46.752	-97.982		86
11:36:05	47.751	-100.337	47
11:41:33	47.757	-100.321	47
12:02:54	47.807	-100.342	47
12:07:57	47.807	-100.342	47
12:52:07	47.807	-100.342	47
13:06:41	47.792	-100.329	47
13:11:42	47.784	-100.301	47
13:16:29	47.805	-100.298	47
13:21:15	47.798	-100.27		47
13:26:01	47.805	-100.254	47
11:52:18	47.852	-100.722	9
11:57:43	47.855	-100.694	9
12:02:54	47.86	-100.666	9
11:36:05	47.808	-100.441	84
11:41:33	47.813	-100.426	84
11:47:02	47.804	-100.4		84
11:52:18	47.809	-100.384	84
11:57:43	47.801	-100.357	84
12:17:36	47.789	-100.388	84
12:27:39	47.808	-100.441	84
12:32:42	47.799	-100.415	84
12:37:27	47.804	-100.4		84
12:47:18	47.815	-100.369	84
12:42:30	47.809	-100.384	84
