10:30:20	47.503	-100.232	1
10:33:50	47.49	-100.195	1
10:37:11	47.498	-100.164	1
10:40:45	47.498	-100.164	1
10:44:24	47.498	-100.164	1
11:22:52	47.519	-99.647		3
11:26:42	47.503	-99.591		3
11:30:31	47.517	-99.61		3
11:34:20	47.515	-99.573		3
11:19:03	46.955	-98.933		4
11:22:52	46.957	-98.909		4
11:30:31	46.981	-98.89		4
11:34:20	47.274	-99.14		15
11:41:59	47.267	-99.083		15
11:45:43	47.273	-99.06		15
13:43:06	47.319	-99.145		15
13:59:33	47.334	-99.1		15
11:41:59	46.862	-98.336		36
11:43:31	46.854	-98.306		36
12:47:50	46.923	-98.268		36
11:34:20	47.274	-99.14		15
11:41:59	47.267	-99.083		15
11:45:43	47.273	-99.06		15
13:43:06	47.319	-99.145		15
13:59:33	47.334	-99.1		15
11:45:43	46.771	-98.044		86
11:49:32	46.771	-98.044		86
12:00:40	46.771	-98.02		86
12:04:19	46.771	-97.995		86
12:15:17	46.771	-98.044		86
11:38:10	47.763	-100.338	47
11:41:59	47.758	-100.312	47
11:45:43	47.752	-100.287	47
12:07:58	47.815	-100.256	47
12:22:25	47.805	-100.29		47
12:40:52	47.8	-100.263	47
12:47:50	47.79	-100.298	47
13:05:33	47.779	-100.331	47
13:08:54	47.795	-100.324	47
13:12:30	47.795	-100.324	47
13:16:21	47.79	-100.298	47
13:19:57	47.805	-100.29		47
13:23:46	47.805	-100.29		47
11:49:32	47.854	-100.732	9
11:53:16	47.853	-100.704	9
11:57:00	47.853	-100.704	9
12:00:40	47.852	-100.676	9
12:04:19	47.852	-100.676	9
12:04:19	46.661	-98.391		22
12:07:58	46.661	-98.391		22
12:11:42	46.66	-98.367		22
12:26:14	46.746	-98.36		22
11:30:31	47.752	-100.37		84
11:41:59	47.813	-100.431	84
11:45:43	47.809	-100.404	84
11:49:32	47.809	-100.404	84
11:53:16	47.805	-100.377	84
11:57:00	47.805	-100.377	84
12:00:40	47.805	-100.377	84
12:04:19	47.8	-100.35		84
12:07:58	47.8	-100.35		84
12:11:42	47.8	-100.35		84
12:15:17	47.789	-100.383	84
12:17:36	47.789	-100.388	84
12:18:51	47.789	-100.383	84
12:22:25	47.813	-100.431	84
12:26:14	47.813	-100.431	84
12:30:03	47.809	-100.404	84
12:33:53	47.813	-100.431	84
12:37:31	47.805	-100.377	84
12:40:52	47.805	-100.377	84
12:44:14	47.8	-100.35		84
12:51:12	47.8	-100.35		84
12:44:14	47.8	-100.35		84
12:51:12	47.8	-100.35		84
13:05:33	46.176	-96.85		94
13:08:54	46.168	-96.803		94
13:12:30	46.164	-96.78		94
13:16:21	46.16	-96.757		94
12:51:12	46.328	-97.219		94
12:54:33	46.331	-97.243		94
11:57:00	46.385	-97.325		97
12:22:25	46.424	-97.291		97
12:26:14	46.424	-97.291		97
12:33:53	46.421	-97.267		97
12:37:31	46.376	-97.254		97
12:44:14	46.388	-97.349		97
12:47:50	46.376	-97.254		97
