209.544983
210.478821
211.519775
212.516785
213.530273
214.519043
215.488586
216.449890
217.446899
218.537292
219.545288
220.476379
221.465149
222.514343
223.505859
224.434204
225.450439
226.472168
227.493896
228.468933
229.493408
230.528870
231.531372
232.498169
233.492432
234.533386
235.483704
236.442261
237.425537
238.463745
239.460754
240.485229
241.523438
242.512207
243.476257
244.432068
245.464783
246.470032
247.483521
248.494263
249.488525
250.526733
251.504517
252.449341
253.462830
254.481812
255.492554
256.522522
257.483826
258.461609
259.491577
260.488586
261.480103
262.501831
263.463135
264.468384
265.495605
266.506348
267.467651
268.481140
269.568787
270.552063
271.524353
272.526855
273.468933
274.460449
275.471191
276.446228
277.445984
278.484192
279.511414
280.456238
281.445007
282.510681
283.543396
284.493713
285.449524
286.484985
287.512207
288.495483
289.497986
290.519714
291.456299
292.510986
293.554688
294.518738
295.496521
296.512756
297.496033
298.493042
299.498291
300.514526
301.500549
302.508545
303.516541
304.494324
305.505066
306.513062
307.518311
308.515320
309.506836
310.514832
311.498108
312.484131
313.497620
314.494629
315.488892
316.505127
317.491150
318.485413
319.479675
320.498657
321.506653
322.503662
323.508911
324.448242
325.447998
326.510925
327.516174
328.507690
329.518433
330.526428
331.498718
332.490234
333.498230
334.492493
335.500488
336.483765
337.502747
338.469543
339.452820
340.480042
341.542969
342.542725
343.487549
344.448853
345.500793
346.547241
347.538757
348.511047
349.513550
350.474854
351.474609
352.518311
353.542786
354.520569
355.481873
356.492615
357.484131
358.489380
359.497375
0.450439
1.485901
2.507629
3.501892
4.482422
5.482178
6.498413
7.492676
8.478699
9.475708
10.475464
11.527405
12.543640
13.452759
14.458008
15.485229
16.479492
17.457275
18.476257
19.489746
20.508728
21.516724
22.467041
23.433838
24.494019
25.543213
26.460571
27.465820
28.490295
29.473572
30.467834
31.445618
32.448120
33.458862
34.455872
35.474854
36.493835
37.493591
38.501587
39.539795
40.542297
41.498108
42.459412
43.503113
44.480896
45.483398
46.540833
47.507629
48.403015
49.380798
50.462952
51.484680
52.503662
53.536377
54.497681
55.483704
56.535645
57.510681
58.452759
59.458008
60.482483
61.498718
62.476501
63.498230
64.495239
65.486755
66.470032
67.458801
68.488770
69.483032
70.488281
71.485291
72.465820
73.487549
74.495544
75.511780
76.481323
77.486572
78.511047
79.480591
80.488586
81.507568
82.515564
83.507080
84.504089
85.498352
86.492615
87.434692
88.428955
89.483643
90.499878
91.480408
92.488403
93.496399
94.476929
95.487671
96.495667
97.495422
98.470459
99.472961
100.494690
101.499939
102.507935
103.488464
104.471741
105.471497
106.476746
107.481995
108.498230
109.484253
110.456543
111.494751
112.552185
113.516235
114.469299
115.477295
116.488037
117.493286
118.498535
119.492798
120.478821
121.495056
122.503052
123.445129
124.387207
125.444641
126.546021
127.477112
128.479614
129.490356
130.465393
131.478882
132.503357
133.492126
134.491882
135.486145
136.518860
137.524109
138.518372
139.468689
140.493164
141.561584
142.539368
143.453979
144.420776
145.472717
146.491699
147.485962
148.518677
149.512939
150.507202
151.517944
152.509460
153.553162
154.533691
155.459290
156.511230
157.508240
158.505249
159.513245
160.496521
161.488037
162.504272
163.449097
164.432373
165.484314
166.525269
167.494812
168.522034
169.560242
170.524292
171.482849
172.501831
173.493347
174.504089
175.498352
176.492615
177.511597
178.522339
179.502869
180.483398
181.441956
182.433472
183.488159
184.551086
185.487671
186.501160
187.522888
188.492432
189.497681
190.489197
191.455994
192.507935
193.521423
194.512939
195.520935
196.517944
197.553406
198.544922
199.489746
200.453796
201.483765
202.500000
203.491516
204.532471
205.521240
206.474304
207.485046
208.460083
226.521606
227.554321
228.504639
229.534607
230.570068
231.567078
232.533875
233.495178
234.486694
235.478210
236.480713
237.474976
238.480225
239.501953
240.482483
241.476746
242.528687
243.553162
244.519958
245.489502
246.456299
247.472534
248.551941
249.532471
250.455322
251.479797
252.520752
253.440857
254.448853
255.489807
256.511536
257.519531
258.472595
259.450378
260.461121
261.469116
262.529297
263.531799
264.517822
265.501099
266.437683
267.393494
268.426208
269.494629
270.508118
271.485901
272.518616
273.523865
274.474182
275.482178
276.451721
277.443237
278.525391
279.571838
280.538635
281.466980
282.510681
283.532410
284.468994
285.452271
286.495972
287.503967
288.462524
289.451294
290.478516
291.472778
292.491760
293.505249
294.496765
295.502014
296.479797
297.460327
298.498535
299.528503
300.522766
301.495056
302.519531
303.565979
304.560242
305.502319
306.447144
307.468872
308.498840
309.487610
310.468140
311.525574
312.533569
313.492126
314.516602
315.552063
316.532593
317.513123
318.496399
319.523621
320.542603
321.523132
322.544861
323.552856
324.519653
325.516663
326.541138
327.535400
328.499451
329.447021
330.471497
331.520691
332.492981
333.470764
334.514465
335.558167
336.489258
337.513733
338.538208
339.502258
340.477295
341.471558
342.518005
343.542480
344.503784
345.489807
346.522522
347.505798
348.500061
349.510803
350.518799
351.515808
352.496338
353.463135
354.487610
355.514832
356.533813
357.563782
358.516846
359.497375
0.502625
1.521606
2.546082
3.526611
4.556580
5.531616
6.490173
7.467957
8.481445
9.500427
10.508423
11.516418
12.513428
13.502197
14.488220
15.537415
16.498718
17.451782
18.481750
19.541931
20.533447
21.519470
22.543945
23.516235
24.485779
25.518494
26.551208
27.528992
28.504028
29.517517
30.539246
31.500549
32.483826
33.527527
34.562988
35.568237
36.532288
37.507324
38.490601
39.515076
40.547791
41.542053
42.530823
43.536072
44.522095
45.480652
46.472168
47.485657
48.479919
49.476929
50.473938
51.481934
52.476196
53.470459
54.494934
55.533142
56.524658
57.527161
58.513184
59.496460
60.515442
61.553650
62.545166
63.544922
64.552917
65.489502
66.428833
67.469788
68.516235
69.494019
70.510254
71.531982
72.504272
73.487549
74.509277
75.503540
76.533508
77.552490
78.524780
79.505310
80.496826
81.526794
82.507324
83.490601
84.517822
85.525818
86.487122
87.442932
88.442688
89.467163
90.521851
91.529846
92.524109
93.512878
94.518127
95.487671
96.457214
97.495422
98.544617
99.522400
100.505676
101.546631
102.554626
103.515930
104.512939
105.542908
106.550903
107.495728
108.476257
109.506226
110.527954
111.519470
112.535706
113.543701
114.515991
115.526733
116.534729
117.528992
118.473816
119.459839
120.520020
121.514282
122.519531
123.541260
124.505310
125.472107
126.499329
127.523804
128.485107
129.462891
130.446167
131.489868
132.486877
133.475647
134.491882
135.521851
136.505127
137.485657
138.510132
139.548340
140.509644
141.481934
142.489929
143.528137
144.538879
145.486450
146.450500
147.516174
148.548889
149.496460
150.509949
151.504211
152.465515
153.476257
154.533691
155.555420
156.516724
157.483521
158.507996
159.537964
160.548706
161.493530
162.518005
163.526001
164.503784
165.500793
166.519775
167.500305
168.502808
169.505310
170.502319
171.529541
172.523804
173.537292
174.553528
175.531311
176.547546
177.541809
178.511353
179.535828
180.549316
181.521606
182.507629
183.526611
184.509888
185.460205
186.473694
187.498169
188.462219
189.470215
190.527649
191.546631
192.518921
193.460999
194.477234
195.507202
196.515198
197.473755
198.484497
199.522705
200.530701
201.508484
202.469788
203.488770
204.526978
205.521240
206.474304
207.496033
208.476562
209.457092
210.476074
211.506042
212.527771
213.491821
214.458618
215.513306
216.551514
217.543030
218.520813
219.493103
220.490112
221.525574
222.539062
223.530579
224.524841
225.516357
246.511230
247.486267
248.444824
249.469299
250.540466
251.534729
252.493286
253.490295
254.523010
255.517273
256.497803
257.503052
258.472595
259.466858
260.496826
261.513062
262.521057
263.493347
264.504089
265.553284
266.503601
267.475891
268.467407
269.508362
270.519104
271.494141
272.460938
273.477173
274.518127
275.490417
276.501160
277.525635
278.517151
279.494934
280.516663
281.524658
282.502441
283.515930
284.512939
285.482483
286.501465
287.542419
288.522949
289.497986
290.467529
291.494751
292.538452
293.491516
294.444580
295.499268
296.457825
297.454834
298.490295
299.523010
300.580444
301.533508
302.522278
303.541260
304.552002
305.505066
306.529541
307.567749
308.529053
309.493103
310.487366
311.487122
312.500610
313.470154
314.453430
315.513611
316.480408
317.447205
318.452454
319.496155
320.531616
321.525879
322.506409
323.503418
324.527893
325.489197
326.466980
327.474976
328.513184
329.540405
330.556641
331.548157
332.523193
333.506470
334.536438
335.544434
336.516724
337.500000
338.535461
339.529724
340.496521
341.488037
342.520752
343.542480
344.492798
345.489807
346.522522
347.516785
348.500061
349.494324
350.510559
351.537781
352.548523
353.526306
354.515076
355.490112
356.454163
357.497864
358.533325
359.486389
0.464172
1.494141
2.515869
3.507385
4.537354
5.559082
6.517639
7.470703
8.500671
9.530640
10.524902
11.497192
12.521667
13.546143
14.526672
15.490723
16.501465
17.528687
18.487244
19.476013
20.547180
21.500244
22.497253
23.507996
24.518738
25.534973
26.553955
27.548218
28.493042
29.512024
30.520020
31.467590
32.467346
33.500061
34.524536
35.524292
36.502075
37.466125
38.465881
39.443665
40.484619
41.495361
42.514343
43.563538
44.513855
45.475159
46.483154
47.504883
48.515625
49.479675
50.454712
51.534119
52.564087
53.473206
54.494934
55.533142
56.510925
57.540894
58.548889
59.507446
60.523682
61.583862
62.572632
63.448792
64.467773
65.541687
66.555176
67.510986
68.502502
69.524231
70.518494
71.515503
72.539978
73.517761
74.512024
75.492554
76.470337
77.464600
78.480835
79.505310
80.474854
81.455383
82.490845
83.529053
84.550781
85.542297
86.487122
87.467651
88.475647
89.461670
90.505371
91.551819
92.532349
93.501892
94.476929
95.468445
96.512146
97.533875
98.528137
99.494934
100.445251
101.477966
102.502441
103.493958
104.501953
105.509949
106.517944
107.512207
108.479004
109.448547
110.478516
111.544189
112.546692
113.527222
114.485779
115.471802
116.485291
117.515259
118.490295
119.476318
120.492554
121.549988
122.541504
123.502808
124.516296
125.524292
126.513062
127.523804
128.531799
129.539795
130.520325
131.520081
132.541809
133.525085
134.489136
135.508118
136.507874
137.510376
138.523865
139.485168
140.468445
141.512146
142.520142
143.478699
144.459229
145.456238
146.499939
147.538147
148.496704
149.463501
150.507202
151.542664
152.506714
153.473511
154.500732
155.511475
156.486511
157.483521
158.527222
159.535217
160.493774
161.474304
162.441101
163.476562
164.517517
165.500793
166.541748
167.536011
168.511047
169.466858
170.472107
171.507568
172.540283
173.564758
174.539795
175.473633
176.426697
177.495117
178.571777
179.502869
180.508118
181.535339
182.496643
183.499146
184.542847
185.517883
186.517639
187.550354
188.514404
189.481201
190.544128
191.554871
192.507935
193.485718
194.501953
195.485229
196.460266
197.487488
198.511963
199.476013
200.456543
201.472778
202.519226
203.518982
204.494019
205.449829
206.474304
207.531738
208.526001
209.501038
210.481567
211.473083
212.492065
213.483582
214.464111
215.488586
216.513062
217.474365
218.452148
219.484863
220.517578
221.544800
222.519836
223.516846
224.538574
225.510864
226.477661
227.526855
228.562317
229.534607
230.498657
231.481934
232.498169
233.519897
234.519653
235.511169
236.488953
237.455750
238.496704
239.534912
240.512695
241.542664
242.506714
243.457031
244.476013
245.516968
274.509888
275.462952
276.487427
277.536621
278.517151
279.497681
280.453491
281.499939
282.546387
283.535156
284.512939
285.509949
286.490479
287.487488
288.511963
289.506226
290.489502
291.494751
292.508240
293.516235
294.507751
295.526733
296.548462
297.515259
298.512268
299.536743
300.511780
301.511536
302.530518
303.500061
304.477844
305.472107
306.488342
307.510071
308.490601
309.454651
310.448914
311.462402
312.506104
313.525085
314.533081
315.510864
316.516113
317.477417
318.496399
319.509888
320.531616
321.542358
322.520142
323.500671
324.516907
325.508423
326.480713
327.450256
328.496704
329.507446
330.490723
331.465759
332.492981
333.503723
334.481506
335.516968
336.538696
337.478027
338.458557
339.474792
340.521240
341.531982
342.537231
343.553467
344.506531
345.451355
346.459351
347.533264
348.563232
349.541016
350.559998
351.581726
352.540283
353.551025
354.550781
355.539551
356.517334
357.514343
358.538818
359.486389
0.480652
1.496887
2.504883
3.496399
4.471436
5.476685
6.487427
7.465210
8.459473
9.461975
10.467224
11.491699
12.499695
13.469238
14.515686
15.496216
16.473999
17.534180
18.544922
19.487000
20.484009
21.541443
22.532959
23.502502
24.518738
25.526733
26.520996
27.545471
28.536987
29.501038
30.495300
31.475830
32.516785
33.546753
34.499817
35.529785
36.551514
37.556763
38.507080
39.504089
40.542297
41.575012
42.574768
43.530579
44.491882
45.477905
46.491394
47.515869
48.515625
49.463196
50.405273
51.416016
52.437744
53.475952
54.500427
55.500183
56.494446
57.466736
58.488464
59.543152
60.534668
61.476746
62.465515
63.489990
64.459534
65.500488
66.538696
67.483521
68.466797
69.521484
70.513000
71.499023
72.498779
73.506775
74.514771
75.498047
76.508789
77.546997
78.511047
79.483337
80.551758
81.567993
82.515564
83.512573
84.561768
85.534058
86.473389
87.484131
88.508606
89.486389
90.477905
91.496887
92.504883
93.499146
94.545593
95.545349
96.487427
97.462463
98.519897
99.500427
100.467224
101.497192
102.499695
103.482971
104.471741
105.509949
106.509705
107.484741
108.459778
109.467773
110.527954
111.522217
112.491760
113.513489
114.551697
115.545959
116.510010
117.460327
118.523254
119.544983
120.522766
121.517029
122.549744
123.557739
124.516296
125.480347
126.485596
127.507324
128.496094
129.465637
130.514832
131.542053
132.533569
133.538818
134.533081
135.524597
136.535339
137.548828
138.512878
139.496155
140.515137
141.536865
142.520142
143.528137
144.552612
145.502930
146.455994
147.496948
148.521423
149.496460
150.485229
151.476746
152.534180
153.531189
154.530945
155.538940
156.505737
157.461548
158.442078
159.463806
160.502014
161.512756
162.476807
163.468323
164.498291
165.514526
166.475830
167.483826
168.505554
169.483337
170.480347
171.557007
172.551270
173.490601
174.515076
175.512085
176.489868
177.484131
178.508606
179.546814
180.513611
181.494141
182.537842
183.559570
184.504395
185.506897
186.594543
187.555847
188.514404
189.508667
190.500183
191.477966
192.491455
193.513184
194.532166
195.515442
196.515198
197.536926
198.500977
199.476013
200.541687
201.544189
202.494507
203.475037
204.466553
205.526733
206.499023
207.482300
208.490295
209.487305
210.456848
211.453857
212.453613
213.467102
214.499817
215.485840
216.513062
217.521057
218.529053
219.509583
220.490112
221.517334
222.541809
223.536072
224.489136
225.486145
226.510620
227.485657
228.460693
229.471436
230.515137
231.523132
232.506409
233.522644
234.544373
235.497437
236.475220
237.535400
238.546143
239.521179
240.520935
241.553650
242.558899
243.569641
244.550171
245.516968
246.486511
247.464294
248.529968
249.546204
250.515747
251.520996
252.485046
253.495789
254.550476
255.558472
256.497803
257.483826
258.519287
259.524536
260.458374
261.466370
262.521057
263.542786
264.493103
265.443420
266.487122
267.541809
268.500366
269.458923
270.480652
271.516113
272.515869
273.510132
298.465576
299.413147
300.487061
301.552734
302.492065
303.461609
304.458618
305.466614
306.471863
307.474365
308.465881
309.462891
310.462646
311.495361
312.508850
313.486633
314.502869
315.505371
316.513367
317.499390
318.482666
319.493408
320.501404
321.520386
322.509155
323.486938
324.483948
325.469971
326.434021
327.337646
328.386841
329.501953
330.509949
331.460266
332.435303
333.506470
334.539185
335.475769
336.450806
337.423096
338.502502
339.521484
340.499268
341.444092
342.474060
343.520508
344.495544
345.437622
346.415405
347.481079
348.533020
349.538269
350.516052
351.449890
352.479858
353.493347
354.479370
355.473633
356.500854
357.503357
358.508606
359.486389
0.494385
1.496887
2.502136
3.512878
4.504395
5.484924
6.459961
7.470703
8.506165
9.503174
10.491943
11.508179
12.477722
13.485718
14.504700
15.493469
16.504211
17.512207
18.506470
19.511719
20.511475
21.513977
22.505493
23.483276
24.529724
25.529480
26.520996
27.520752
28.498535
29.465332
30.473328
31.500549
32.536011
33.563232
34.538269
35.527039
36.521301
37.510071
38.520813
39.476624
40.454407
41.465149
42.475891
43.516846
44.541321
45.510864
46.505127
47.518616
48.521118
49.515381
50.512390
51.498413
52.500916
53.503418
54.472961
55.461731
56.497192
57.505188
58.502197
59.504700
60.490723
61.504211
62.512207
63.514709
64.530945
65.525208
66.533203
67.538452
68.538208
69.537964
70.515747
71.518250
72.504272
73.501282
74.512024
75.514526
76.503296
77.511292
78.519287
79.472351
80.447388
81.441650
82.482605
83.545532
84.572754
85.550537
86.500854
87.495117
88.522339
89.530334
90.519104
91.507874
92.502136
93.532104
94.562073
95.559082
96.520386
97.514648
98.530884
99.505920
100.494690
101.472473
102.477722
103.559875
104.584351
105.581360
106.528931
107.476501
108.470764
109.478760
110.492249
111.511230
112.505493
113.499756
114.488525
115.491028
116.501770
117.498779
118.498535
119.503784
120.498047
121.492310
122.508545
123.497314
124.505310
125.513306
126.515808
127.534790
128.542786
129.539795
130.501099
131.462402
132.489624
133.497620
134.486389
135.466919
136.466675
137.493896
138.493652
139.457703
140.440979
141.520386
142.583313
143.503418
144.445496
145.456238
146.516418
147.565613
148.601074
149.559631
150.490723
151.498718
152.542419
153.536682
154.511719
155.492249
156.500244
157.530212
158.527222
159.502258
160.485535
161.479797
162.518005
163.539734
164.520264
165.495300
166.481323
167.500305
168.522034
169.530029
170.557251
171.559753
172.545776
173.542786
174.545288
175.539551
176.520081
177.522583
178.511353
179.500122
180.516357
181.505127
182.499390
183.507385
184.509888
185.498657
186.492920
187.514648
188.503418
189.492188
190.491943
191.488953
192.499695
193.488464
194.482727
195.485229
196.520691
197.484741
198.473511
199.484253
200.522461
201.494751
202.450562
203.477783
204.507751
205.502014
206.488037
207.493286
208.476562
209.470825
210.511780
211.528015
212.530518
213.541260
214.535522
215.540771
216.526794
217.537537
218.578491
219.564514
220.523071
221.525574
222.539062
223.530579
224.516602
225.519104
226.524353
227.521362
228.512878
229.493408
230.443726
231.468201
232.511902
233.511658
234.483948
235.500183
236.508179
237.518921
238.480225
239.479980
240.496216
241.490479
242.503967
243.503723
244.489746
245.505981
246.519470
247.500000
248.502502
249.505005
250.504761
251.501770
252.526245
253.542480
254.528503
255.517273
256.525269
257.538757
258.524780
259.524536
260.516052
261.510315
262.507324
263.507080
264.509583
265.495605
266.492615
267.519836
268.508606
269.494629
270.497131
271.505127
272.502136
273.518372
274.504395
275.493164
276.501160
277.481689
278.418274
279.522400
280.511169
281.486206
282.516174
283.458252
284.425049
285.479736
286.487732
287.498474
288.509216
289.495239
290.484009
291.483765
292.497253
293.521729
294.537964
295.523987
296.526489
297.534485
324.497681
325.486450
326.439514
327.474976
328.529663
329.501953
330.476990
331.498718
332.509460
333.511963
334.456787
335.368652
336.431580
337.546692
338.510742
339.406128
340.416870
341.479797
342.504272
343.504028
344.503784
345.498047
346.497803
347.503052
348.511047
349.532776
350.543518
351.518555
352.523804
353.526306
354.504089
355.498352
356.506348
357.508850
358.549805
359.544067
0.502625
1.447449
2.463684
3.441467
4.465942
5.471191
6.517639
7.503662
8.456726
9.467468
10.472717
11.472473
12.447510
13.482971
14.510193
15.496216
16.482239
17.492981
18.503723
19.506226
20.511475
21.481018
22.461548
23.472290
24.474792
25.463562
26.471558
27.479553
28.482056
29.487305
30.476074
31.481323
32.492065
33.511047
34.541016
35.540771
36.518555
37.518311
38.520813
39.509583
40.523071
41.528320
42.500610
43.489380
44.497375
45.497131
46.496887
47.499390
48.482666
49.479675
50.457458
51.459961
52.498169
53.497925
54.508667
55.530396
56.532898
57.551880
58.587341
59.551392
60.507202
61.506958
62.520447
63.509216
64.443054
65.489502
66.486511
67.456055
68.494263
69.532471
70.485535
71.446838
72.479553
73.457336
74.440613
75.445862
76.495056
77.511292
78.500061
79.508057
80.518799
81.521301
82.523804
83.526306
84.537048
85.523071
86.511841
87.514343
88.508606
89.511108
90.519104
91.516113
92.535095
93.548584
94.523621
95.504150
96.528625
97.544861
98.533630
99.536133
100.544128
101.538391
102.527161
103.510437
104.488220
105.490723
106.493225
107.481995
108.484497
109.467773
110.464783
111.489258
112.494507
113.491516
114.502258
115.502014
116.518250
117.534485
118.528748
119.536743
120.528259
121.522522
122.530518
123.505554
124.461365
125.472107
126.507568
127.501831
128.487854
129.482117
130.492859
131.509094
132.511597
133.519592
134.530334
135.516357
136.532593
137.529602
138.526611
139.542847
140.531616
141.539612
142.533875
143.536377
144.516907
145.527649
146.502686
147.496948
148.491211
149.510193
150.529175
151.498718
152.498474
153.509216
154.519958
155.538940
156.508484
157.467041
158.499756
159.510498
160.499268
161.529236
162.518005
163.504028
164.553223
165.577698
166.484070
167.450867
168.554993
169.623413
170.559998
171.491089
172.488098
173.520813
174.495850
175.426941
176.426697
177.489624
178.580017
179.549561
180.475159
181.436462
182.502136
183.556824
184.586792
185.512390
186.470947
187.478943
188.519897
189.527893
190.489197
191.491699
192.499695
193.496704
194.510193
195.512695
196.515198
197.517700
198.522949
199.508972
200.519714
201.516724
202.502747
203.521729
204.515991
205.523987
206.526489
207.487793
208.443604
209.468079
210.487061
211.492310
212.497559
213.478088
214.502563
215.535278
216.529541
217.488098
218.457642
219.493103
220.514832
221.503601
222.497864
223.522339
224.538574
225.513611
226.499634
227.510376
228.534851
229.537354
230.539856
231.495667
232.492676
233.503418
234.505920
235.508423
236.502686
237.510681
238.513184
239.474487
240.455017
241.498718
242.534180
243.528442
244.473267
245.445557
246.456299
247.500000
248.507996
249.510498
250.513000
251.485291
252.482300
253.504028
254.503784
255.481567
256.489563
257.503052
258.502808
259.491577
260.516052
261.524048
262.526550
263.542786
264.537048
265.534058
266.536560
267.555542
268.549805
269.544067
270.546570
271.535339
272.515869
273.496399
274.498901
275.493164
276.503906
277.506409
278.492432
279.489441
280.497437
281.499939
282.488708
283.496704
284.488220
285.504456
286.539917
287.536926
288.531189
289.519958
290.492249
291.461792
292.497253
293.532715
294.491272
295.452576
296.482544
297.493286
298.495789
299.506531
300.487061
301.486816
302.483826
303.494568
304.497070
305.499573
306.471863
307.493591
308.534546
309.534302
310.523071
311.517334
312.528076
313.533325
314.519348
315.499878
316.510620
317.499390
318.501892
319.509888
320.504150
321.506653
322.509155
323.503418
