 11:28:57	48.243	-102.199	9
 10:44:20	47.129	-102.432	129
 10:47:52	47.139	-102.376	129
 11:25:20	47.057	-102.385	129
 11:28:57	47.1	-102.385	129
 10:26:44	47.422	-103.373	49
 11:18:07	47.391	-103.388	49
 11:50:37	47.364	-103.427	49
 11:54:11	47.354	-103.38		49
 11:08:00	47.415	-104.094	47
 11:39:42	47.378	-104.132	47
 11:43:27	47.371	-104.085	47
 09:55:06	47.26	-104.195	130
 10:12:38	47.307	-104.231	130
 10:16:09	47.301	-104.183	130
 10:19:41	47.297	-104.159	130
 11:11:22	47.26	-104.195	130
 11:14:45	47.256	-104.171	130
 11:18:07	47.266	-104.243	130
 11:32:35	47.349	-104.218	130
 11:25:20	48.257	-102.213	40
 09:58:38	47.287	-104.411	151
 10:02:09	47.281	-104.363	151
 11:04:39	47.287	-104.411	151
 11:08:00	47.281	-104.363	151
 11:18:07	47.33	-104.399	151
 11:21:43	47.324	-104.399	151
 10:51:14	47.279	-103.537	39
 10:54:35	47.275	-103.514	39
 10:57:56	47.267	-103.466	39
 11:11:22	47.346	-103.511	39
 11:21:43	47.308	-103.501	39
 11:25:20	47.3	-103.454	39
 11:50:37	47.939	-101.894	50
 11:43:27	48.294	-101.927	38
 11:47:02	48.264	-101.904	38
 11:32:35	47.62	-102.33		8
 11:36:11	47.628	-102.289	8
 09:47:53	47.266	-104.243	130
 09:51:29	47.263	-104.219	130
 09:55:06	47.26	-104.195	130
 10:12:38	47.307	-104.231	130
 10:16:09	47.301	-104.183	130
 10:19:41	47.297	-104.159	130
 11:11:22	47.26	-104.195	130
 11:11:22	47.406	-104.046	68
 11:14:45	47.441	-104.007	68
 11:18:07	47.389	-103.951	68
 11:47:02	47.398	-103.999	68
 10:26:44	47.422	-103.373	49
 11:18:07	47.391	-103.388	49
 11:50:37	47.364	-103.427	49
 11:54:11	47.354	-103.38		49
 12:09:13	47.856	-101.811	30
 12:13:02	47.854	-101.77		30
 11:54:11	47.67	-102.103	28
 11:57:47	47.674	-102.062	28
 13:57:50	47.665	-102.144	28
 12:01:35	48.276	-101.627	7
 11:32:35	47.165	-101.86		11
 12:01:35	47.215	-101.904	11
 13:53:20	47.223	-101.925	11
 12:05:24	47.15	-103.13		28
 10:51:14	47.221	-103.029	63
 12:57:26	47.212	-102.982	63
 12:17:04	47.852	-101.729	31
 12:21:06	47.86	-101.66		31
 11:32:35	47.165	-101.86		11
 12:01:35	47.215	-101.904	11
 13:53:20	47.223	-101.925	11
 13:43:59	47.773	-101.729	8
 12:05:24	48.136	-102.252	2
 12:05:24	47.843	-101.839	48
 12:13:02	47.711	-101.815	21
 12:48:04	47.688	-101.124	203
 12:52:39	47.679	-101.071	203
 12:43:17	48.453	-100.76		11
 13:15:56	47.599	-100.631	280
 13:20:35	47.629	-100.582	280
 12:52:39	47.7	-100.64		305
 12:57:26	47.715	-100.613	305
 13:02:06	47.713	-100.589	305
 12:57:26	47.001	-102.279	216
 12:43:17	48.084	-100.123	111
 12:48:04	48.084	-100.123	111
 12:52:39	48.084	-100.123	111
 13:25:15	48.092	-100.08		111
 13:32:35	47.067	-102.051	133
 13:20:35	47.728	-100.432	462
 13:29:54	47.704	-100.39		462
 13:25:15	47.249	-100.545	109
 13:29:54	47.24	-100.509	109
 13:34:39	47.227	-100.462	109
 13:34:39	47.689	-100.318	368
 13:20:35	47.728	-100.432	462
 13:29:54	47.704	-100.39		462
 13:34:39	47.926	-100.201	93
 13:39:19	47.919	-100.171	93
 13:20:35	48.16	-100.242	3
 13:25:15	48.111	-99.825		115
 13:29:54	48.129	-99.768		115
 13:39:19	48.126	-99.814		115
 13:43:59	48.114	-99.779		115
 13:02:06	48.236	-99.489		142
 13:29:54	48.207	-99.514		142
 13:39:19	48.22	-99.451		142
 13:29:54	48.221	-99.231		165
 13:34:39	48.202	-99.193		165
 13:39:19	48.216	-99.178		165
 14:02:20	48.216	-99.178		165
 14:06:50	48.216	-99.178		165
 14:11:20	48.229	-99.163		165
						
