165.574951
166.533508
167.503052
168.519287
169.568481
170.554504
171.493835
172.449646
173.446655
174.476624
175.492859
176.465149
177.462158
178.483887
179.497375
180.508118
181.543579
182.414246
183.449707
184.504395
185.454712
186.454468
187.473450
188.467712
189.505920
190.494690
191.453247
192.469482
193.477478
194.471741
195.482483
196.487732
197.536926
198.544922
199.536438
200.470276
201.464539
202.516479
203.510742
204.450073
205.449829
206.526489
207.550964
208.506775
209.446106
210.454102
211.522522
212.519531
213.489075
214.444885
215.483093
216.554260
217.471619
218.509827
219.594727
220.547791
221.456909
222.508850
223.577271
224.368286
225.384521
226.518860
227.499390
228.504639
229.531860
230.495911
231.481934
232.525635
233.495178
234.448242
235.431519
236.508179
237.524414
238.469238
239.482727
240.548401
241.548157
242.460022
243.404846
244.478760
245.492249
246.475525
247.519226
248.483276
249.458313
250.507507
251.545715
252.539978
253.462830
254.459839
255.492554
256.528015
257.486572
258.458862
259.497070
260.513306
261.458130
262.435913
263.520813
264.501343
265.470886
266.445923
267.478638
268.472900
269.494629
270.530090
271.524353
272.469177
273.466187
274.507141
275.493164
276.446228
277.465210
278.489685
279.464722
280.456238
281.502686
282.472229
283.436279
284.545898
285.581360
286.490479
287.413330
288.487244
289.525452
290.470276
291.524963
292.541199
293.491516
294.507751
295.534973
296.523743
297.501526
298.501282
299.517517
300.473328
301.470337
302.511292
303.475342
304.453125
305.499573
306.521301
307.499084
308.482361
309.523315
310.528564
311.489868
312.481384
313.544312
314.530334
315.502625
316.507874
317.548828
318.523865
319.487915
320.512390
321.503906
322.470703
323.489685
324.481201
325.489197
326.532898
327.540894
328.510437
329.490967
330.487976
331.460266
332.457275
333.520203
334.577637
335.533447
336.508484
337.502747
338.472290
339.494019
340.543213
341.515503
342.496033
343.528748
344.550476
345.531006
346.484070
347.489319
348.497314
349.519043
350.565491
351.526794
352.474365
353.504333
354.517822
355.525818
356.476135
357.445679
358.500366
359.475403
0.483398
1.513367
2.526855
3.512878
4.496155
5.559082
6.545105
7.503662
8.508911
9.547119
10.538635
11.513672
12.540894
13.557129
14.532166
15.476990
16.479492
17.495728
18.481750
19.473267
20.500488
21.502991
22.469788
23.488770
24.515991
25.463562
26.479797
27.523499
28.498535
29.484558
30.503540
31.500549
32.522278
33.557739
34.554749
35.540771
36.510315
37.479858
38.476868
39.435425
40.465393
41.522827
42.528076
43.505859
44.478149
45.519104
46.554565
47.535095
48.512878
49.518127
50.556335
51.506653
52.478943
53.511658
54.541626
55.500183
56.475220
57.491455
58.515930
59.468994
60.501709
61.534424
62.542419
63.511963
64.484253
65.478516
66.500244
67.480774
68.461304
69.510498
70.488281
71.455078
72.507019
73.528748
74.501038
75.454102
76.459351
77.494812
78.505554
79.477844
80.477600
81.493835
82.518311
83.551025
84.537048
85.506592
86.498108
87.492371
88.497620
89.516602
90.530090
91.505127
92.518616
93.543091
94.548340
95.476685
96.462708
97.506409
98.514404
99.478455
100.527649
101.554871
102.521667
103.507690
104.545898
105.529175
106.515198
107.514954
108.509216
109.492493
110.497742
111.519470
112.541199
113.464050
114.480286
115.513000
116.501770
117.490540
118.504028
119.550476
120.528259
121.459351
122.464600
123.505554
124.491577
125.505066
126.543274
127.515564
128.487854
129.493103
130.487366
131.520081
132.577515
133.571777
134.533081
135.557556
136.562805
137.502136
138.452454
139.468689
140.484924
141.465454
142.470703
143.508911
144.481201
145.437012
146.447754
147.513428
148.554382
149.485474
150.490723
151.476746
152.471008
153.495483
154.497986
155.467529
156.472778
157.513733
158.513489
159.502258
160.521240
161.520996
162.564697
163.583679
164.539490
184.537354
185.561829
186.553345
187.533875
188.475952
189.500427
190.538635
191.502686
192.518921
193.513184
194.490967
195.457764
196.487732
197.523193
198.495483
199.448547
200.434570
201.478271
202.497253
203.499756
204.532471
205.504761
206.457825
207.487793
208.462830
209.462585
210.520020
211.574707
212.505798
213.478088
214.469604
215.450134
216.466370
217.457886
218.474121
219.495850
220.495605
221.456909
222.445679
223.467407
224.453430
225.477905
226.538086
227.535095
228.499146
229.476929
230.493164
231.484680
232.476196
233.506165
234.560852
235.519409
236.461487
237.480469
238.474731
239.477234
240.446777
241.463013
242.503967
243.498230
244.470520
245.470276
246.464539
247.491760
248.518982
249.483032
250.474548
251.490784
252.463074
253.495789
254.503784
255.481567
256.497803
257.541504
258.544006
259.499817
260.505066
261.474609
262.466125
263.496094
264.509583
265.509338
266.553040
267.555542
268.552551
269.502869
270.461426
271.463928
272.447205
273.488159
274.476929
275.454712
276.481934
277.487183
278.459473
279.429016
280.439758
281.469727
282.496948
283.502197
284.493713
285.496216
286.487732
287.492981
288.484497
289.514465
290.530701
291.483765
292.489014
293.469543
294.499512
295.491028
296.441345
297.446594
298.454590
299.484558
300.489807
301.478577
302.478333
303.475342
304.480591
305.483093
306.474609
307.479858
308.471375
309.460144
310.481873
311.487122
312.536316
313.569031
314.533081
315.475159
316.494141
317.482910
318.474426
319.465942
320.468445
321.490173
322.481689
323.473206
324.467468
325.467224
326.472473
327.485962
328.507690
329.512939
330.504456
331.484985
332.501221
333.539429
334.522705
335.497742
336.500244
337.478027
338.480530
339.488525
340.480042
341.471558
342.454834
343.471069
344.487305
345.503540
346.522522
347.514038
348.502808
349.508057
350.524292
351.518555
352.523804
353.529053
354.523315
355.525818
356.536560
357.519836
358.505859
359.497375
0.488892
1.505127
2.480164
3.474426
4.512634
5.504150
6.520386
7.511902
8.508911
9.505920
10.511169
11.527405
12.560120
13.543396
14.537659
15.542908
16.539917
17.525940
18.539429
19.506226
20.508728
21.500244
22.491760
23.497009
24.537964
25.573425
26.529236
27.496033
28.490295
29.462585
30.476074
31.511536
32.505798
33.497314
34.513550
35.559998
36.543274
37.499084
38.474121
39.443665
40.451660
41.443176
42.431946
43.453674
44.497375
45.535583
46.554565
47.562561
48.570557
49.592285
50.564575
51.525879
52.536621
53.525391
54.566345
55.533142
56.505432
57.524414
58.570862
59.534912
60.490723
61.515198
62.471008
63.448792
64.443054
65.459290
66.519470
67.486267
68.422852
69.444580
70.485535
71.510010
72.471313
73.421631
74.454346
75.467834
76.442871
77.464600
78.461609
79.414673
80.395203
81.452637
82.485352
83.504333
84.495850
85.492859
86.511841
87.500610
88.453674
89.475403
90.568542
91.601257
92.551575
93.507385
94.526367
95.561829
96.600037
97.558594
98.495178
99.503174
100.541382
101.538391
102.524414
103.485718
104.499207
105.518188
106.495972
107.501221
108.492737
109.484253
110.470276
111.483765
112.554932
113.540955
114.488525
115.504761
116.526489
117.515259
118.506775
119.479065
120.478821
121.533508
122.538757
123.563232
124.549255
125.496826
126.524048
127.559509
128.515320
129.476624
130.501099
131.509094
132.489624
133.505859
134.544067
135.530090
136.488647
137.502136
138.510132
139.487915
140.479431
141.484680
142.476196
143.467712
144.486694
145.508423
146.510925
147.516174
148.504944
149.510193
150.507202
151.517944
152.509460
153.500977
154.503479
155.511475
156.516724
157.541199
158.524475
159.513245
160.499268
161.479797
162.498779
163.506775
164.509277
165.500793
166.506042
167.511292
168.505554
169.508057
170.529785
171.540527
172.515564
173.531799
174.526062
175.517578
176.509094
177.492371
178.448181
179.500122
180.538330
181.480408
182.491150
183.446960
204.466553
205.474548
206.562195
207.622375
208.509521
209.424133
210.456848
211.448364
212.464600
213.483582
214.499817
215.507812
216.499329
217.490845
218.482361
219.498596
220.506592
221.498108
222.489624
223.481140
224.478149
225.475159
226.466675
227.482910
228.488159
229.479675
230.484924
231.501160
232.528381
233.514404
234.459229
235.472717
236.508179
237.513428
238.504944
239.496460
240.487976
241.479492
242.509460
243.517456
244.508972
245.500488
246.483765
247.483521
248.499756
249.491272
250.474548
251.485291
252.518005
253.517761
254.501038
255.500793
256.506042
257.508545
258.511047
259.543762
260.540771
261.521301
262.543030
263.534546
264.523315
265.503845
266.492615
267.484131
268.503113
269.519348
270.513611
271.518860
272.543335
273.526611
274.498901
275.504150
276.498413
277.514648
278.506165
279.497681
280.502930
281.497192
282.524414
283.521423
284.504700
285.507202
286.528931
287.514954
288.495483
289.487000
290.486755
291.541443
292.549438
293.455811
294.433594
295.496521
296.488037
297.537231
298.534241
299.495544
300.489807
301.484070
302.511292
303.516541
304.521790
305.524292
306.482849
307.485352
308.512573
309.504089
310.503845
311.498108
312.503357
313.508606
314.500122
315.491638
316.463928
317.458191
318.499146
319.526367
320.487671
321.484680
322.484436
323.514404
324.541626
325.560608
326.574097
327.571106
328.540649
329.518433
330.515442
331.509705
332.501221
333.476257
334.445801
335.467529
336.527710
337.538452
338.486023
339.485779
340.507507
341.479797
342.490540
343.517761
344.550476
345.528259
346.495056
347.489319
348.478088
349.469604
350.474854
351.493835
352.501831
353.515320
354.506836
355.498352
356.511841
357.558289
358.544312
359.527588
0.519104
1.513367
2.513123
3.510132
4.507141
5.515137
6.517639
7.495422
8.473206
9.503174
10.511169
11.502686
12.494202
13.502197
14.518433
15.542908
16.509705
17.512207
18.503723
19.508972
20.525208
21.519470
22.510986
23.502502
24.496765
25.523987
26.573181
27.548218
28.490295
29.459839
30.437622
31.511536
32.516785
33.486328
34.516296
35.551758
36.562500
37.512817
38.515320
39.534302
40.525818
41.528320
42.522583
43.483887
44.456177
45.464172
46.521606
47.543335
48.493652
49.446716
50.457458
51.481934
52.476196
53.492432
54.530640
55.560608
56.543884
57.529907
58.548889
59.529419
60.531921
61.523438
62.525940
63.514709
64.522705
65.514221
66.502991
67.519226
68.546448
69.518738
70.480042
71.493530
72.479553
73.506775
74.492798
75.476074
76.519775
77.549744
78.483582
79.450378
80.507812
81.526794
82.512817
83.501587
84.493103
85.536804
86.547546
87.528076
88.519592
89.508362
90.521851
91.518860
92.491150
93.493652
94.487915
95.493164
96.487427
97.451477
98.475952
99.536133
100.475464
101.466980
102.518921
103.510437
104.529419
105.498962
106.484985
107.468262
108.517456
109.528198
110.478516
111.483765
112.494507
113.491516
114.515991
115.515747
116.493530
117.471313
118.462830
119.512024
120.520020
121.528015
122.519531
123.497314
124.513550
125.518799
126.529541
127.559509
128.529053
129.490356
130.492859
131.487122
132.503357
133.525085
134.491882
135.508118
136.562805
137.532349
138.479919
139.485168
140.515137
141.545105
142.555847
143.541870
144.494934
145.508423
146.554871
147.568359
148.537903
149.510193
150.490723
151.460266
152.476501
153.489990
154.481506
155.519714
156.530457
157.489014
158.491516
159.499512
160.510254
161.540222
162.512512
163.493042
164.514771
165.484314
166.481323
167.533264
168.565979
169.530029
170.510559
171.535034
172.507324
173.479614
174.493103
175.481873
176.500854
177.536316
178.514099
179.494629
180.486145
181.516113
182.557068
183.526611
184.512634
185.559082
186.594543
187.561340
188.528137
189.533386
190.513916
191.499939
192.491455
193.493958
194.521179
195.507202
196.468506
197.457275
198.468018
199.495239
200.511475
201.502991
202.494507
203.488770
224.480896
225.488892
226.502380
227.529602
228.501892
229.485168
230.504150
231.484680
232.459717
233.464966
234.503174
235.524902
236.483459
237.444763
238.458252
239.548645
240.498962
241.416321
242.481995
243.454285
244.423828
245.492249
246.588135
247.585144
248.469543
249.472046
250.502014
251.493530
252.498779
253.550720
254.597168
255.541992
256.423645
257.417908
258.469849
259.497070
260.491333
261.469116
262.507324
263.526306
264.515076
265.476379
266.451416
267.464905
268.472900
269.502869
270.552063
271.549072
272.510376
273.512878
274.520874
275.512390
276.520386
277.517395
278.467712
279.483948
280.489197
281.480713
282.529907
283.548889
284.501953
285.482483
286.531677
287.517700
288.468018
289.432068
290.484009
291.557922
292.502747
293.466797
294.491272
295.532227
296.488037
297.463074
298.454590
299.443359
300.434875
301.445618
302.470093
303.508301
304.494324
305.430908
306.460876
307.482605
308.465881
309.435425
310.473633
311.566772
312.572021
313.525085
314.478149
315.497131
316.516113
317.504883
318.455200
319.457703
320.498657
321.498413
322.456970
323.456726
324.481201
325.472717
326.475220
327.494202
328.543396
329.543152
330.509949
331.495972
332.512207
333.517456
334.519958
335.500488
336.505737
337.543945
338.529968
339.461060
340.504761
341.551208
342.507019
343.468323
344.473572
345.498047
346.497803
347.494812
348.500061
349.521790
350.557251
351.485596
352.512817
353.523560
354.493103
355.495605
356.500854
357.492371
358.494873
359.522095
0.505371
1.477661
2.482910
3.477173
4.457703
5.451965
6.492920
7.525635
8.511658
9.486694
10.502930
11.497192
12.494202
13.529663
14.570618
15.498962
16.463013
17.503967
18.511963
19.489746
20.481262
21.483765
22.458801
23.497009
24.485779
25.449829
26.468811
27.474060
28.501282
29.517517
30.539246
31.536255
32.511292
33.461609
34.497070
35.565491
36.493835
37.422180
38.468628
39.523315
40.473633
41.489868
42.550049
43.505859
44.458923
45.497131
46.436462
47.381287
48.444214
49.493408
50.495911
51.514893
52.445984
53.426514
54.453735
55.511169
56.488953
57.474976
58.480225
59.499207
60.449524
61.484985
62.487488
63.476257
64.495239
65.470276
66.437073
67.431335
68.466797
69.521484
70.521240
71.468811
72.507019
73.520508
74.481812
75.467834
76.475830
77.448120
78.489075
79.516296
80.469360
81.524048
82.554016
83.474121
84.435425
85.490112
86.462402
87.418213
88.475647
89.497375
90.475159
91.529846
92.502136
93.419495
94.476929
95.548096
96.501160
97.470703
98.506165
99.486694
100.489197
101.513672
102.499695
103.455505
104.488220
105.507202
106.482239
107.481995
108.492737
109.478760
110.473022
111.459045
112.486267
113.513489
114.488525
115.496521
116.485291
117.528992
118.558960
119.531250
120.520020
121.497803
122.459106
123.489075
124.527283
125.472107
126.480103
127.515564
128.507080
129.509583
130.484619
131.476135
132.528076
133.549805
134.541321
135.535583
136.546326
137.529602
138.515625
139.551086
140.570068
141.523132
142.489929
143.525391
144.560852
145.502930
146.469727
147.485962
148.444519
149.485474
150.504456
151.493225
152.545166
153.520203
154.462280
155.473022
156.508484
157.510986
158.491516
159.518738
160.502014
161.479797
162.512512
163.556213
164.498291
165.445862
166.484070
167.505798
168.505554
169.516296
170.513306
171.493835
172.474365
173.487854
174.537048
175.517578
176.498108
177.519836
178.555298
179.497375
180.499878
181.485901
182.471924
183.518372
184.518127
185.457458
186.457214
187.533875
188.528137
189.514160
190.522156
191.499939
192.532654
193.576355
194.543152
195.512695
196.545410
197.580872
198.528442
199.495239
200.519714
201.486511
202.475281
203.458557
204.469299
205.477295
206.466064
207.460327
208.451843
209.479065
210.487061
211.464844
212.500305
213.500061
214.475098
215.505066
216.524048
217.534790
218.523560
219.498596
220.528564
221.569519
222.522583
223.467407
247.549438
248.560181
249.543457
250.491028
251.466064
252.446594
253.484802
254.525757
255.487061
256.473083
257.481079
258.439636
259.420166
260.444641
261.521301
262.521057
263.474121
264.465637
265.492859
266.522827
267.517090
268.445435
269.403992
270.477905
271.518860
272.524109
273.457947
274.449463
275.473938
276.427002
277.473450
278.517151
279.467468
280.447998
281.497192
282.527161
283.546143
284.526672
285.466003
286.435547
287.440796
288.495483
289.536438
290.503235
291.450806
292.428589
293.527222
294.488525
295.436096
296.353455
297.361450
298.515015
299.591675
300.531006
301.484070
302.445374
303.464355
304.464111
305.461121
306.491089
307.526550
308.534546
309.594727
310.594482
311.478882
312.448425
313.500366
314.450684
315.365295
316.419983
317.535095
318.540344
319.468689
320.443726
321.470947
322.484436
323.475952
324.483948
325.557861
326.535645
327.485962
328.433533
329.452515
330.523682
331.559143
332.509460
333.435059
334.426575
335.492249
336.538696
337.532959
338.477783
339.472046
340.502014
341.564941
342.507019
343.438110
344.473572
345.489807
346.481323
347.508545
348.538513
349.499817
350.483093
351.513062
352.548523
353.479614
354.479370
355.484619
356.478882
357.434692
358.445435
359.453430
0.464172
1.505127
2.554321
3.515625
4.454956
5.468445
6.525879
7.520142
8.514404
9.448242
10.497437
11.508179
12.499695
13.466492
14.493713
15.509949
16.471252
17.449036
18.451538
19.506226
20.516968
21.464539
22.409363
23.447571
24.502258
25.554199
26.518250
27.441101
28.468323
29.514771
30.536499
31.547241
32.478333
33.478088
34.538269
35.557251
36.510315
37.510071
38.520813
39.512329
40.492859
41.473389
42.506104
43.555298
44.563293
45.505371
46.551819
47.601013
48.576050
49.518127
50.548096
51.539612
52.528381
53.533630
54.544373
55.508423
56.466980
57.502441
58.515930
59.499207
60.482483
61.432800
62.440796
63.511963
64.552917
65.500488
66.439819
67.494507
68.571167
69.537964
70.466309
71.422119
72.452087
73.501282
74.558716
75.550232
76.528015
77.544250
78.601685
79.554749
80.483093
81.430664
82.518311
83.559265
84.509583
85.465393
86.478882
87.453918
88.470154
89.541321
90.535583
91.518860
92.515869
93.540344
94.507141
95.487671
96.492920
97.517395
98.517151
99.497681
100.491943
101.510925
102.518921
103.502197
104.468994
105.493469
106.548157
107.512207
108.465271
109.487000
110.503235
111.519470
112.541199
113.535461
114.491272
115.488281
116.510010
117.531738
118.517761
119.498291
120.473328
121.500549
122.544250
123.538513
124.499817
125.458374
126.452637
127.507324
128.534546
129.498596
130.470886
131.492615
132.522583
133.544312
134.524841
135.502625
136.499634
137.510376
138.534851
139.507141
140.487671
141.481934
142.528381
143.563843
144.527893
145.472717
146.461487
147.455750
148.510437
149.551392
150.509949
151.487732
152.484741
153.533936
154.547424
155.522461
156.475525
157.456055
158.516235
159.557190
160.529480
161.537476
162.523499
163.509521
164.547729
165.605164
166.582947
167.497559
168.464355
169.472351
170.485840
171.507568
172.534790
173.509827
174.490356
175.470886
176.522827
177.536316
178.508606
179.467163
180.464172
181.518860
182.526855
183.490906
184.479675
185.490417
186.514893
187.539368
188.503418
189.467468
190.467224
191.497192
192.535400
193.543396
194.512939
195.507202
196.495972
197.490234
198.498230
199.519958
200.530701
201.502991
202.480774
203.497009
204.515991
205.551453
206.540222
207.509766
208.495789
209.476318
210.522766
211.497803
212.470093
213.480835
214.510803
215.521545
216.502075
217.482605
218.479614
219.509583
220.534058
221.509094
222.506104
223.492126
224.478149
225.488892
226.433716
227.427979
228.499146
229.507141
230.476685
231.446228
232.448730
233.478699
234.450989
235.486450
236.535645
237.502441
238.474731
239.490967
240.482483
241.539917
242.575378
243.547668
244.495239
245.541687
246.588135
273.490906
274.531860
275.528870
276.470947
277.503662
278.588562
279.566345
280.483704
281.497192
282.535400
283.526917
284.490967
285.507202
286.517944
287.512207
288.479004
289.459534
290.462036
291.431580
292.475281
293.510742
294.488525
295.488281
296.496277
297.526245
298.523254
299.484558
300.484314
301.464844
302.500305
303.505554
304.502563
305.505066
306.471863
307.474365
308.520813
309.570007
310.594482
311.522827
312.459412
313.522339
314.579773
315.513611
316.447449
317.502136
318.526611
319.487915
320.438232
321.468201
322.511902
323.547363
324.522400
325.467224
326.480713
327.474976
328.485718
329.408569
330.446777
331.528931
332.465515
333.448792
334.445801
335.492249
336.513977
337.521973
338.475037
339.472046
340.504761
341.534729
342.528992
343.457336
344.457092
345.514526
346.533508
347.527771
348.469849
349.425659
350.430908
351.502075
352.551270
353.496094
354.418945
355.440674
356.533813
357.544556
358.525085
359.502869
0.491638
1.562805
2.557068
3.490906
4.463196
5.471191
6.512146
7.522888
8.486938
9.467468
10.508423
11.538391
12.488708
13.452759
14.436035
15.427551
16.441040
17.556152
18.539429
19.489746
20.527954
21.582642
22.472534
23.356934
24.414368
25.452576
26.422119
27.531738
28.561707
29.479065
30.465088
31.437378
32.500305
33.535767
34.422913
35.397949
36.474609
37.534790
38.520813
39.504089
40.514832
41.509094
42.492371
43.461914
44.489136
45.508118
46.518860
47.491150
48.457947
49.509888
50.597534
51.523132
52.481689
53.511658
54.538879
55.467224
56.423035
57.474976
58.458252
59.474487
60.512695
61.479492
62.476501
63.506470
64.530945
65.462036
66.450806
67.480774
68.502502
69.441833
70.480042
71.559448
72.575684
73.539734
74.470825
75.429382
76.409912
77.461853
78.475342
79.458618
80.441895
81.441650
82.452393
83.507080
84.561768
85.509338
86.448669
87.459412
88.483887
89.483643
90.499878
91.529846
92.482910
93.419495
94.487915
95.556335
96.457214
97.443237
98.464966
99.494934
100.522156
101.453247
102.411804
103.419800
104.534912
105.562134
106.468506
107.446289
108.440552
109.503479
110.530701
111.470032
112.420349
113.439331
114.515991
115.526733
116.477051
117.471313
118.451843
119.498291
120.547485
121.528015
122.456360
123.450623
124.494324
125.518799
126.482849
127.452393
128.463135
129.465637
130.492859
131.536560
132.558289
133.505859
134.502869
135.535583
136.546326
137.518616
138.488159
139.468689
140.462952
141.498413
142.536621
143.530884
144.497681
145.461731
146.477966
147.507935
148.557129
149.548645
150.507202
151.534424
152.569885
153.564148
154.506226
155.533447
156.574402
157.565918
158.497009
159.505005
160.543213
161.551208
162.520752
163.487549
164.443359
165.393677
166.459351
167.505798
168.494568
169.491577
170.463867
171.502075
172.567749
173.520813
174.460144
175.506592
176.544800
177.517090
178.500366
179.541321
180.568542
181.593018
182.576294
183.548584
184.482422
185.410767
186.448975
187.525635
188.486938
189.459229
190.456238
191.477966
192.488708
193.474731
194.490967
195.468750
196.476746
197.490234
198.440552
199.434814
200.503235
201.522217
202.491760
203.475037
204.515991
205.523987
206.490784
207.463074
208.471069
209.514771
210.536499
211.517029
212.475586
213.469849
214.521790
215.587463
216.565247
217.523804
218.534546
219.564514
220.569763
221.539307
222.519836
223.500366
224.505615
225.488892
226.496887
227.502136
228.507385
229.501648
230.462952
231.465454
232.495422
233.530884
234.525146
235.513916
236.491699
237.496948
238.491211
239.534912
240.548401
241.506958
242.479248
243.487244
244.497986
245.516968
246.541443
247.491760
248.472290
249.496765
250.529480
251.553955
252.518005
253.471069
254.481812
255.511780
256.533508
257.541504
258.511047
259.480591
260.505066
261.513062
262.512817
263.515320
264.534302
265.542297
266.539307
267.574768
268.582764
269.483643
270.444946
271.494141
272.529602
304.499817
305.502319
306.499329
307.499084
308.504333
309.501343
310.498352
311.498108
312.503357
313.500366
314.497375
315.488892
316.513367
317.504883
318.496399
319.496155
320.501404
321.514893
322.489929
323.486938
324.505920
325.494690
326.505432
327.496948
328.499451
329.493713
330.520935
331.493225
332.506714
333.509216
334.503479
335.503235
336.516724
337.497253
338.502502
339.491272
340.515747
341.496277
342.487793
343.523254
344.492798
345.484314
346.517029
347.492065
348.505554
349.508057
350.505066
351.504822
352.507324
353.504333
354.504089
355.503845
356.506348
357.519836
358.503113
359.502869
0.505371
1.518860
2.493896
3.512878
4.518127
5.490417
6.501160
7.500916
8.506165
9.494934
10.500183
11.499939
12.505188
13.507690
14.507446
15.496216
16.506958
17.492981
18.511963
19.511719
20.505981
21.500244
22.505493
23.513489
24.505005
25.496521
26.493530
27.498779
28.490295
29.503784
30.492554
31.489563
32.508545
33.502808
34.494324
35.513306
36.504822
37.501831
38.496094
39.498596
40.498352
41.495361
42.492371
43.508606
44.513855
45.497131
46.494141
47.488403
48.504639
49.490662
50.504150
51.484680
52.503662
53.489685
54.503174
55.483704
56.505432
57.505188
58.499451
59.529419
60.504456
61.504211
62.498474
63.500977
64.500732
65.503235
66.511230
67.508240
68.507996
69.505005
70.515747
71.501770
72.504272
73.504028
74.495544
75.495300
76.503296
77.503052
78.494568
79.508057
80.502319
81.513062
82.493591
83.507080
84.501343
85.514832
86.492615
87.506104
88.514099
89.513855
90.499878
91.502380
92.499390
93.499146
94.496155
95.501404
96.498413
97.500916
98.492432
99.494934
100.494690
101.494446
102.502441
103.526917
104.504700
105.504456
106.506958
107.492981
108.498230
109.492493
110.505981
111.513977
112.508240
113.507996
114.502258
115.496521
116.488037
117.501526
118.484802
119.498291
120.498047
121.508789
122.527771
123.491821
124.502563
125.516052
126.499329
127.493591
128.501587
129.504089
130.501099
131.498108
132.489624
133.489380
134.502869
135.497131
136.499634
137.488403
138.501892
139.507141
140.490417
141.506653
142.498169
143.525391
144.492188
145.494690
146.505432
147.505188
148.499451
149.515686
150.498962
151.501465
152.498474
153.525696
154.497986
155.500488
156.500244
157.527466
158.497009
159.488525
160.507507
161.496277
162.490540
163.493042
164.492798
165.511780
166.492310
167.511292
168.502808
169.494324
170.502319
171.529541
172.504578
173.493347
174.501343
175.501099
176.511841
177.503357
178.503113
179.494629
180.510864
181.496887
182.499390
183.493652
184.507141
185.495911
186.498413
187.492676
188.500671
189.486694
190.516663
191.499939
192.505188
193.507690
194.515686
195.496216
196.504211
197.517700
198.492737
199.508972
200.500488
201.502991
202.508240
203.494263
204.518738
205.499268
206.501770
207.493286
208.520508
209.501038
210.506287
211.495056
212.519531
213.500061
214.505310
215.507812
216.504822
217.499084
218.504333
219.506836
220.501099
221.495361
222.500610
223.500366
224.505615
225.508118
226.502380
227.502136
228.501892
229.507141
230.501404
231.501160
232.500916
233.506165
234.503174
235.500183
236.499939
237.499695
238.502197
239.499207
240.493469
241.498718
242.501221
243.536682
244.495239
245.508728
246.494751
247.508240
248.505249
249.505005
250.493774
251.507263
252.504272
253.498535
254.484558
255.506287
256.492310
257.492065
258.519287
259.510803
260.505066
261.493835
262.504578
263.496094
264.498596
265.498352
266.536560
267.495117
268.494873
269.500122
270.502625
271.499634
272.504883
273.537598
274.496155
275.501404
276.498413
277.503662
278.533630
279.494934
280.502930
281.491699
282.494202
283.507690
284.493713
285.509949
286.490479
287.506714
288.492737
289.508972
290.489502
291.505737
292.494507
293.494263
294.488525
295.504761
296.493530
297.493286
298.531494
299.501038
300.492554
301.489563
302.497559
303.500061
330.509949
331.498718
332.492981
333.509216
334.495239
335.492249
336.513977
337.500000
338.491516
339.494019
340.496521
341.496277
342.493286
343.482056
344.498291
345.498047
346.506042
347.500305
348.502808
349.508057
350.496826
351.502075
352.504578
353.496094
354.498596
355.495605
356.511841
357.495117
358.486633
359.502869
0.486145
1.507874
2.502136
3.504639
4.507141
5.509644
6.517639
7.503662
8.500671
9.494934
10.483704
11.508179
12.505188
13.513184
14.515686
15.498962
16.515198
17.509460
18.509216
19.500732
20.500488
21.505737
22.497253
23.497009
24.494019
25.513000
26.496277
27.490540
28.504028
29.492798
30.495300
31.489563
32.503052
33.491821
34.494324
35.518799
36.502075
37.501831
38.509827
39.501343
40.492859
41.517334
42.500610
43.505859
44.500122
45.502625
46.494141
47.491150
48.490906
49.542847
50.501404
51.509399
52.498169
53.495178
54.486694
55.483704
56.499939
57.513428
58.507690
59.504700
60.504456
61.542664
62.495728
63.492737
64.511719
65.505981
66.502991
67.500000
68.497009
69.496765
70.488281
71.507263
72.507019
73.504028
74.492798
75.506287
76.506042
77.503052
78.535767
79.508057
80.499573
81.502075
82.501831
83.504333
84.512329
85.490112
86.500854
87.511597
88.505859
89.502869
90.499878
91.494141
92.513123
93.499146
94.487915
95.501404
96.512146
97.498169
98.495178
99.503174
100.489197
101.505432
102.513428
103.491211
104.501953
105.493469
106.512451
107.490234
108.506470
109.489746
110.511475
111.497498
112.508240
113.494263
114.485779
115.510254
116.529236
117.493286
118.484802
119.536743
120.492554
121.517029
122.505798
123.502808
124.499817
125.507812
126.493835
127.534790
128.509827
129.506836
130.520325
131.506348
132.495117
133.511353
134.502869
135.546570
136.502380
137.502136
138.496399
139.498901
140.498657
141.525879
142.495422
143.511658
144.503174
145.491943
146.488953
147.516174
148.507690
149.493713
150.496216
151.501465
152.495728
153.495483
154.492493
155.494995
156.492004
157.521973
158.494263
159.499512
160.502014
161.490784
162.501526
163.498535
164.517517
165.492554
166.511536
167.497559
168.500061
169.510803
170.510559
171.513062
172.512817
173.504333
174.506836
175.503845
176.498108
177.497864
178.494873
179.511108
180.497131
181.488647
182.507629
183.507385
184.498901
185.515137
186.498413
187.492676
188.495178
189.492188
190.505676
191.502686
192.510681
193.507690
194.501953
195.504456
196.512451
197.506714
198.492737
199.495239
200.497742
201.500244
202.497253
203.494263
204.491272
205.513000
206.504517
207.493286
208.542480
209.501038
210.487061
211.506042
212.503052
213.522034
214.499817
215.505066
216.502075
217.504578
218.509827
219.504089
220.506592
221.500854
222.508850
223.505859
224.502869
225.519104
226.502380
227.488403
228.510132
229.498901
230.487671
231.509399
232.495422
233.508911
234.500427
235.516663
236.508179
237.507935
238.499451
239.493713
240.490723
241.512451
242.498474
243.492737
244.506226
245.492249
246.492004
247.489014
248.505249
249.491272
250.499268
251.507263
252.504272
253.493042
254.498291
255.498047
256.486816
257.489319
258.505554
259.502563
260.510559
261.504822
262.496338
263.496094
264.498596
265.514832
266.500854
267.506104
268.503113
269.491882
270.508118
271.502380
272.499390
273.521118
274.498901
275.495911
276.514893
277.500916
278.492432
279.492188
280.494690
281.486206
282.502441
283.515930
284.499207
285.515442
286.506958
287.498474
288.500977
289.503479
290.497742
291.497498
292.530212
293.497009
294.491272
295.513000
296.496277
297.501526
298.490295
299.512024
300.495300
301.511536
302.503052
303.500061
304.502563
305.502319
306.496582
307.507324
308.501587
309.501343
310.487366
311.500854
312.486877
313.497620
314.500122
315.513611
316.496887
317.507629
318.501892
319.498901
320.501404
321.495667
322.500916
323.497925
324.508667
325.491943
326.499939
327.499695
328.493958
329.493713
359.494629
0.519104
1.499634
2.504883
3.507385
4.496155
5.498657
6.495667
7.495422
8.500671
9.492188
10.491943
11.497192
12.502441
13.499451
14.490967
15.507202
16.490479
17.514954
18.498230
19.506226
20.497742
21.505737
22.497253
23.518982
24.505005
25.504761
26.504517
27.496033
28.490295
29.503784
30.489807
31.511536
32.503052
33.494568
34.497070
35.494080
36.488342
37.510071
38.504333
39.504089
40.490112
41.509094
42.503357
43.500366
44.502869
45.494385
46.485901
47.502136
48.485413
49.507141
50.501404
51.501160
52.503662
53.497925
54.494934
55.513916
56.499939
57.496948
58.499451
59.493713
60.515442
61.506958
62.506714
63.506470
64.497986
65.492249
66.513977
67.497253
68.513489
69.505005
70.496521
71.490784
72.504272
73.490295
74.484558
75.498047
76.503296
77.500305
78.500061
79.499817
80.510559
81.504822
82.496338
83.496094
84.495850
85.487366
86.509094
87.503357
88.500366
89.502869
90.494385
91.485901
92.510376
93.493652
94.501648
95.493164
96.501160
97.528381
98.492432
99.508667
100.508423
101.499939
102.494202
103.515930
104.499207
105.515442
106.506958
107.498474
108.500977
109.497986
110.492249
111.500244
112.500000
113.499756
114.507751
115.499268
116.499023
117.498779
118.490295
119.498291
120.498047
121.497803
122.508545
123.524780
124.502563
125.494080
126.499329
127.499084
128.507080
129.501343
130.503845
131.506348
132.503357
133.505859
134.502869
135.497131
136.488647
137.502136
138.488159
139.509888
140.501404
141.503906
142.500916
143.495178
144.494934
145.491943
146.519165
147.510681
148.507690
149.507446
150.507202
151.506958
152.495728
153.506470
154.495239
155.514221
156.502991
157.500000
158.499756
159.502258
160.491028
161.518250
162.493286
163.490295
164.484558
165.500793
166.503296
167.500305
168.508301
169.513550
170.502319
171.491089
172.512817
173.501587
174.501343
175.503845
176.498108
177.492371
178.505859
179.494629
180.546570
181.510620
182.510376
183.496399
184.504395
185.495911
186.495667
187.511902
188.495178
189.489441
190.502930
191.502686
192.510681
193.502197
194.501953
195.504456
196.493225
197.487488
198.503723
199.487000
200.508728
201.502991
202.500000
203.502502
204.515991
205.499268
206.488037
207.498779
208.506775
209.501038
210.495300
211.492310
212.494812
213.500061
214.508057
215.507812
216.507568
217.501831
218.518066
219.495850
220.509338
221.509094
222.506104
223.497620
224.500122
225.497131
226.491394
227.499390
228.507385
229.504395
230.506897
231.498413
232.489929
233.492432
234.470215
235.491943
236.497192
237.510681
238.496704
239.501953
240.498962
241.504211
242.492981
243.500977
244.503479
245.497742
246.489258
247.510986
248.497009
249.510498
250.502014
251.496277
252.493286
253.498535
254.487305
255.506287
256.495056
257.503052
258.494568
259.502563
260.507812
261.502075
262.510071
263.496094
264.504089
265.509338
266.503601
267.500610
268.505859
269.500122
270.497131
271.494141
272.499390
273.499146
274.498901
275.506897
276.506653
277.506409
278.500671
279.492188
280.491943
281.491699
282.513428
283.504944
284.499207
285.490723
286.509705
287.498474
288.511963
289.503479
290.505981
291.502991
292.497253
293.491516
294.505005
295.513000
296.504517
297.501526
298.493042
299.490051
300.514526
301.495056
302.497559
303.538513
304.502563
305.513306
306.502075
307.507324
308.504333
309.490356
310.490112
311.500854
312.503357
313.486633
314.502869
315.499878
316.505127
317.499390
318.499146
319.520874
320.504150
321.487427
322.500916
323.492432
324.494934
325.489197
326.497192
327.499695
328.515930
329.501953
330.501709
331.509705
332.514954
333.511963
334.500732
335.489502
336.497498
337.521973
338.497009
339.505005
340.496521
341.510010
342.501526
343.493042
344.490051
345.498047
346.506042
347.503052
348.505554
349.502563
350.502319
351.502075
352.496338
353.512573
354.498596
355.512085
356.495361
357.508850
358.503113
34.499817
35.491333
36.513062
37.499084
38.512573
39.504089
40.503845
41.500854
42.506104
43.503113
44.497375
45.488892
46.494141
47.496643
48.504639
49.487915
50.512390
51.503906
52.495422
53.484192
54.497681
55.508423
56.494446
57.496948
58.493958
59.501953
60.509949
61.498718
62.498474
63.500977
64.492493
65.511475
66.497498
67.500000
68.507996
69.502258
70.499268
71.501770
72.493286
73.498535
74.503784
75.514526
76.497803
77.505798
78.502808
79.521790
80.518799
81.504822
82.507324
83.504333
84.495850
85.514832
86.503601
87.506104
88.536072
89.505615
90.521851
91.510620
92.496643
93.507385
94.482422
95.504150
96.503906
97.503662
98.522644
99.505920
100.500183
101.502686
102.507935
103.507690
104.501953
105.540161
106.512451
107.498474
108.509216
109.495239
110.494995
111.494751
112.486267
113.507996
114.502258
115.499268
116.501770
117.493286
118.484802
119.506531
120.492554
121.508789
122.500305
123.502808
124.499817
125.494080
126.515808
127.499084
128.515320
129.506836
130.498352
131.517334
132.503357
133.492126
134.513855
135.508118
136.505127
137.510376
138.507385
139.498901
140.487671
141.512146
142.500916
143.489685
144.497681
145.497437
146.497192
147.496948
148.502197
149.504700
150.496216
151.495972
152.495728
153.500977
154.511719
155.494995
156.511230
157.494507
158.502502
159.488525
160.502014
161.488037
162.504272
163.512268
164.492798
165.492554
166.508789
167.492065
168.502808
169.513550
170.502319
171.507568
172.493591
173.501587
174.509583
175.501099
176.500854
177.500610
178.492126
179.500122
180.508118
181.505127
182.507629
183.499146
184.490662
185.498657
186.498413
187.484436
188.506165
189.500427
190.497437
191.499939
192.496948
193.499451
194.493713
195.496216
196.495972
197.506714
198.500977
199.517212
200.503235
201.497498
202.494507
203.497009
204.488525
205.513000
206.504517
207.504272
208.504028
209.503784
210.503540
211.495056
212.489319
213.502808
214.502563
215.510559
216.502075
217.501831
218.501587
219.493103
220.487366
221.500854
222.486877
223.508606
224.502869
225.499878
226.502380
227.493896
228.485413
229.501648
230.484924
231.498413
232.495422
233.497925
234.497681
235.500183
236.513672
237.516174
238.510437
239.499207
240.507202
241.515198
242.509460
243.495483
244.511719
245.500488
246.508484
247.508240
248.510742
249.505005
250.504761
251.493530
252.518005
253.512268
254.503784
255.492554
256.497803
257.500305
258.502808
259.508057
260.499573
261.510315
262.501831
263.504333
264.501343
265.539551
266.500854
267.492371
268.519592
269.486389
270.502625
271.494141
272.493896
273.499146
274.487915
275.495911
276.503906
277.500916
278.503418
279.492188
280.505676
281.497192
282.480469
283.496704
284.488220
285.515442
286.498718
287.501221
288.509216
289.500732
290.500488
291.500244
292.491760
293.499756
294.499512
295.499268
296.507263
297.498779
298.498535
299.498291
300.489807
301.484070
302.497559
303.500061
304.505310
305.499573
306.496582
307.499084
308.490601
309.504089
310.490112
311.511841
312.497864
313.503113
314.491882
315.516357
316.496887
317.510376
318.501892
319.496155
320.490417
321.503906
322.489929
323.511658
324.503174
325.502930
326.502686
327.494202
328.502197
329.510193
330.507202
331.509705
332.501221
333.492737
334.495239
335.492249
336.486511
337.508240
338.502502
339.499512
340.502014
341.493530
342.485046
343.501282
344.484558
345.500793
346.484070
347.505798
348.500061
349.499817
350.499573
351.493835
352.515564
353.501587
354.501343
355.506592
356.498108
357.492371
358.505859
359.491882
0.513611
1.505127
2.504883
3.507385
4.498901
5.515137
6.503906
7.498169
8.506165
9.497681
10.500183
11.499939
12.516174
13.504944
14.496460
15.496216
16.495972
17.487488
18.503723
19.487000
20.508728
21.502991
22.502747
23.502502
24.496765
25.488281
26.501770
27.493286
28.506775
29.498291
30.492554
31.497803
32.503052
33.500061
76.486816
77.500305
78.500061
79.508057
80.499573
81.493835
82.504578
83.493347
84.501343
85.509338
86.506348
87.508850
88.500366
89.491882
90.494385
91.491394
92.499390
93.507385
94.504395
95.506897
96.501160
97.511902
98.489685
99.505920
100.497437
101.491699
102.505188
103.491211
104.512939
105.504456
106.506958
107.503967
108.498230
109.492493
110.505981
111.492004
112.513733
113.505249
114.505005
115.507507
116.507263
117.507019
118.504028
119.503784
120.495300
121.489563
122.508545
123.508301
124.510803
125.505066
126.493835
127.496338
128.496094
129.487610
130.509338
131.495361
132.508850
133.503113
134.491882
135.510864
136.502380
137.502136
138.493652
139.485168
140.506897
141.495667
142.498169
143.500671
144.494934
145.486450
146.502686
147.505188
148.507690
149.499207
150.493469
151.512451
152.498474
153.514709
154.508972
155.497742
156.492004
157.508240
158.494263
159.529724
160.529480
161.493530
162.463074
163.520508
164.495544
165.517273
166.506042
167.503052
168.505554
169.497070
170.488586
171.504822
172.488098
173.509827
174.504089
175.506592
176.503601
177.497864
178.489380
179.511108
180.497131
181.510620
182.496643
183.490906
184.493408
185.490417
186.487427
187.506409
188.495178
189.492188
190.530396
191.499939
192.494202
193.496704
194.496460
195.501709
196.534424
197.492981
198.495483
199.492493
200.494995
201.492004
202.521973
203.494263
204.505005
205.496521
206.501770
207.518005
208.501282
209.492798
210.484314
211.506042
212.492065
213.511047
214.508057
215.496826
216.518555
217.496338
218.504333
219.490356
220.501099
221.500854
222.500610
223.505859
224.497375
225.497131
226.499634
227.491150
228.512878
229.504395
230.504150
231.503906
232.498169
233.489685
234.511414
235.497437
236.513672
237.505188
238.496704
239.496460
240.501709
241.504211
242.495728
243.489990
244.508972
245.494995
246.508484
247.505493
248.497009
249.513245
250.499268
251.485291
252.509766
253.504028
254.503784
255.500793
256.495056
257.486572
258.497314
259.508057
260.507812
261.499329
262.496338
263.496094
264.495850
265.490112
266.492615
267.506104
268.494873
269.500122
270.499878
271.499634
272.507629
273.499146
274.493408
275.493164
276.490173
277.498169
278.508911
279.500427
280.497437
281.497192
282.499695
283.504944
284.504700
285.507202
286.495972
287.512207
288.503723
289.497986
290.489502
291.502991
292.489014
293.510742
294.502258
295.496521
296.493530
297.496033
298.487549
299.512024
300.503540
301.503296
302.503052
303.494568
304.497070
305.494080
306.502075
307.501831
308.501587
309.509583
310.501099
311.492615
312.495117
313.492126
314.486389
315.508118
316.502380
317.499390
318.501892
319.493408
320.484924
321.501160
322.484436
323.506165
324.500427
325.497437
326.499939
327.488708
328.504944
329.501953
330.518188
331.504211
332.498474
333.500977
334.497986
335.492249
336.505737
337.500000
338.505249
339.499512
340.496521
341.504517
342.509766
343.490295
344.523010
345.500793
346.519775
347.508545
348.508301
349.508057
350.496826
351.535034
352.504578
353.507080
354.501343
355.506592
356.503601
357.500610
358.500366
359.502869
0.494385
1.494141
2.502136
3.496399
4.512634
5.501404
6.503906
7.500916
8.495178
9.486694
10.500183
11.499939
12.507935
13.499451
14.501953
15.498962
16.493225
17.501221
18.500977
19.500732
20.508728
21.500244
22.489014
23.507996
24.507751
25.502014
26.490784
27.493286
28.490295
29.498291
30.506287
31.503296
32.505798
33.497314
34.488831
35.505066
36.488342
37.512817
38.504333
39.506836
40.503845
41.498108
42.489624
43.503113
44.489136
45.510864
46.502380
47.504883
48.501892
49.496155
50.490417
51.512146
52.495422
53.511658
54.494934
55.508423
56.499939
57.502441
58.502197
59.501953
60.496216
61.493225
62.495728
63.492737
64.500732
65.508728
66.500244
67.500000
68.502502
69.494019
70.496521
71.493530
72.509766
73.490295
74.484558
75.503540
